6.687302171501479098e-01,1.103513005257207524e+00,3.944736486862213676e-01,-2.365693240172868084e+00,8.237984296609425217e-01,-2.567065341516197585e-01,-1.475440580872326546e+00,-3.089076512822515677e-02,8.928574480019525472e-01,-1.936221586258215277e+00,-3.584460977374680501e-01,1.569018908543265756e+00,1.875878559324458905e+00,1.612081502528775190e-01,2.189438195208646576e+00,-4.014927036334743349e-01,-1.553221371769148762e+00,1.572795464549129552e+00,-9.753282231768747312e-01,-1.631634231682264291e+00,2.782497923071596269e+00,1.732799171129006055e+00,3.038717320766146091e-01,-2.606528360190759397e+00,9.170362907065374714e-01,1.165758137234458758e+00,3.028154023246252713e+00,-5.956227639260721629e-01,1.243019108826785901e+00,-2.446122211490717291e+00,-1.111908084760377058e+00,-5.950827780289884572e-01,-1.194594548294105607e+00,3.637996786854056364e-01,7.153238727586257450e-01,1.683109632031707159e+00,9.359495762034288902e-01,-1.753876823952430941e+00,-1.093506550200232130e+00,6.985072457551778635e-01,-2.498418118517996833e-01,1.361592995090028291e+00,1.669528605246003661e+00,-1.844804893263121359e+00,3.445534820500534834e-01,4.120459396125761842e+00,5.594850642340909452e-01,4.628889303642706454e-01,-1.447000936351477307e+00,-2.500611383565225943e+00,1.633429966724424254e-01,1.585938771848332429e+00,-6.853801073436290858e-01,-3.526421987669615454e+00,-2.733234794077359808e+00,4.520637743743369796e+00,-1.070400882808065335e+00,-1.654207009873566170e+00,-3.147885670343887887e-01,1.942683155725733579e+00,3.601262325524742236e-01,6.441582317270335700e-01,4.297202402277081057e-01,3.902721387441520084e-01,1.535553938753835945e+00,1.073671742608907076e+00,8.434613719237041840e-01,1.995630713355276198e+00,-3.295248119715981083e-01,1.770774886723106567e+00,-8.087366252006324141e-02,1.683606079304797720e-01,-1.274678999933642753e+00,7.001880409949706729e-01,4.239568464666050862e-01,3.895432991374757625e-01,8.070344542529148679e-01,1.143048964886874963e-01,4.153231751127591798e-01,-9.199432171564014826e-01,5.651482016860814861e-01,-1.143792460011559653e+00,3.568657789688422621e+00,5.917712429565379351e-01,1.960568517029848801e+00,-1.585140025827970423e+00,-1.650758544679629791e+00,-8.508091674169069307e-01,1.281826179705655822e+00,-1.227716127494387299e+00,4.346849009320132295e-01,1.919509098935694213e+00,7.028435228999567741e-01,-1.834112842953962375e+00,-1.618140296470797601e+00,-4.259856717736355769e+00,-1.075198237578524285e+00,-7.883421882261675284e-01,-1.742313606959839112e-01,-2.646093757556557069e+00,1.145486283350954260e+00,1.510920957822733390e-01,7.325365514275579137e-01,3.153977807773340913e+00,-2.832440351220723684e+00,-2.584088797896769041e+00,-1.716188566209597421e-01,2.310804082968419826e-01,-1.902550037369888924e+00,-1.654704100922239851e+00,1.496847085135780242e+00,3.086700455341543137e+00,-8.963018143993288778e-01,-5.279304367695516476e-01,2.289721681773753570e+00,5.368756743771411211e-01,1.342485195437403300e+00,6.766394002978538547e-01,1.642165415830493025e+00,-1.279319967160359450e+00,2.431833117644571995e+00,-4.738702250691460005e-01,1.516255480362422636e+00,1.396846458858471696e+00,-2.003376116714194577e+00,4.664739155414995841e-01,1.769414529717111106e+00,-1.299173999865324558e-02,-4.546580493071449958e+00,5.862092652615052968e-02,-7.278117314220425293e-02,1.815444523500886476e+00,2.229097601434530951e+00,-3.811844938576524622e-01,1.136636728285085995e+00,-1.805036065572846127e+00,1.078134479618622077e+00,-6.267619892442405360e-01,6.757384527442091837e-01,-2.629262973615951737e-01,1.364765992584515697e-02,3.038731614587296015e+00,2.329828162261127489e-01,-1.184545127739872417e+00,-9.966338658712278198e-01,5.451074824398765006e-01,-1.685305453632361505e+00,6.980572463082017620e-01,-9.699149625546455988e-01,4.952601818216791352e-01,-1.560102841907223259e-01,-1.520580930296411726e+00,-5.189978592260020562e-01,-1.266771633035835620e+00,1.382293317787901099e+00,-4.996268126871772353e-01,4.951583257482242151e-01,1.979998218091611362e+00,-2.074954710016568171e+00,3.815997822954153573e+00,5.462958025102249149e-01,1.594107751154681729e+00,-2.379145548301240698e+00,7.769742918280982125e-02,2.621424166031844916e+00,-7.060453470586278701e-01,5.692789427595248419e-01,1.747854749671350127e+00,-2.937560789995862648e-02,4.093653221843348566e-01,-5.606981266915078699e-01,-6.307261951099863984e-01,-8.698864788935969372e-01,2.450384038235835060e+00,2.985265261949728854e-01,2.397395127572144347e+00,1.013209924404253393e+00,9.504509507538594359e-01,6.098877698134148595e-01,2.269061609508204458e-01,1.445003540942104037e+00,-9.054953845814308622e-01,5.942111796849129934e-01,4.639065579031423914e-01,4.481904619188738503e-01,-2.014374931674236535e+00,-2.639408629189995636e+00,-3.726655518223954133e-01,-1.383827512326379683e+00,1.199037011130092312e+00,-1.071886482125868900e+00,1.671732901435330376e+00,1.180745169694453756e+00,-2.566757787901950749e+00,4.727143003657370279e+00,2.415398479562189227e+00,-1.697865931081324334e+03
-2.421303337419065949e-02,4.058719476471637777e-01,1.184675679095771594e-01,-2.617766639377494542e+00,1.076471245725015180e+00,-1.110077565422705748e+00,-9.898232378691461664e-01,1.727680514396582878e-01,1.322138200969556365e+00,-5.981381167576097502e-01,-7.134810960242049527e-01,1.204116929719333706e+00,2.199544685520436360e+00,-4.553206398030124613e-01,5.930500511803235009e-01,-7.444108880471832224e-02,3.714026158532622857e-01,8.182902018328491733e-01,-1.027113561897909255e+00,-2.142698670000772410e+00,2.113132544585505812e+00,2.689066103387366957e-01,1.072683987127377891e+00,1.648850510111760370e-01,2.169343247207545122e+00,6.242563226569609602e-01,2.628188600777122019e+00,-3.731008987924953613e-01,1.728374550846281332e+00,-2.010226728040986455e+00,-8.004648411618562331e-01,-4.052159278624917205e-02,-1.238220310055832218e+00,1.644399645320203884e+00,4.663712259755420364e-01,2.240102741962676891e+00,1.132220482311609322e+00,-1.411512073198452955e+00,-3.242283430760074525e-01,2.899756974448073898e-01,-2.572968268569254313e+00,8.585478455182961044e-01,1.381693124815585927e+00,-1.826952676114683038e+00,9.230828832342322654e-01,4.742163342116508140e+00,9.852170051904330927e-01,9.877497096062075599e-01,-1.248335761808476940e+00,-2.488183107781310799e+00,1.459358401627811330e-01,2.376045924870001436e+00,-1.994061958523494660e+00,-2.783230557365683921e+00,-2.866777316795623420e+00,3.347189716614207722e+00,8.337156415463803372e-01,-1.944787960593489018e+00,-2.105125548640666366e+00,1.155688559380716462e+00,2.125711167726873629e-01,-1.274045625436660334e+00,1.599962949225779862e+00,-1.607735218901795271e+00,9.340058031994109555e-01,1.129847888832193892e+00,-6.495075925125153304e-01,2.375816841960932901e+00,-1.031848562090499355e+00,5.636324523332509884e-01,-2.964938565793667768e-01,2.069890992990807810e+00,-9.478527225984720861e-01,5.531453954956856434e-01,4.951631271751766317e-02,9.610627319407760716e-01,4.023600125254609972e-01,-8.598447366407593884e-02,1.203045995431164944e-01,-7.047753728904160297e-01,8.359092983338566318e-01,-1.102562787482937123e+00,4.172509846824098645e+00,2.467414331090489021e+00,3.077861207108879338e+00,-1.783334672205896920e+00,-3.108420354206083314e+00,-1.526444742576025693e+00,9.297353544586259844e-01,-1.403780386836928296e+00,1.160761798549824864e+00,1.868177108537079079e+00,7.519003520036547927e-01,-1.798241651579337574e+00,8.790514465711425363e-01,-4.338119871963049157e+00,-1.746671026190423470e+00,-3.647168302276715401e-01,-4.883100343200110216e-01,-2.170037095516273773e+00,2.739286364094818627e+00,3.410134757023398633e-01,1.485078070201036604e-01,2.722701330517050877e+00,-2.528741350084048545e+00,-2.609131609510165983e+00,1.932744960189649031e-01,-2.840406146217296368e-01,-1.184059724737752672e+00,-8.325259044863411173e-01,2.045443551114072278e+00,1.963864565828514985e+00,-7.488598300182909284e-01,-1.315244583919713106e+00,9.658523453435348127e-01,4.480230045269333328e-01,1.442664398207569976e+00,-2.496577689860449478e+00,1.722036163059066594e+00,-1.093483285116681802e+00,-3.834794371943365254e-01,-1.447044537825426858e+00,1.260516641457187337e+00,1.065649811119415258e+00,-1.509194033086192377e+00,2.773578994072180559e-01,1.789079181771750848e+00,7.427174406666010864e-02,-3.381874344056144288e+00,-7.234480164751129205e-01,1.198297526304425709e-01,1.240133923852950959e+00,2.266149082002978599e+00,-2.705793589320631964e-03,8.353518626997423757e-01,-6.606241909670032553e-03,1.063059368272344818e+00,-3.288515344464915113e-01,-8.439789143140006278e-01,5.005447200658412754e-01,2.309212487471765107e-01,2.128084806721681765e+00,3.705589005986271722e-01,-3.244967077198492422e+00,-9.055305406916687172e-01,-1.021420372135040555e+00,-2.189724123514816601e+00,8.489589369448642397e-01,-8.519171934795722878e-01,4.841544883664214982e-01,-2.082628169716337352e-01,-2.290954332593518661e+00,-4.778141761058442016e-01,-1.462110378786692921e+00,1.159352925907092269e+00,-3.255619975836595015e-01,6.974561293579807364e-01,1.615223700536383644e+00,-2.048264629315508234e+00,3.475380659998929644e+00,-3.877621353582995645e-01,1.888824658811035340e+00,-2.132465231013690232e+00,8.738452512652297721e-02,2.350378651817609299e+00,4.379067577934599997e-01,1.922269560010466671e-01,1.533838770898548587e+00,3.794675054319293084e-01,1.930122887309082991e+00,1.985619713846070722e-01,-6.972870628392460191e-01,-6.022323773499338451e-01,2.952139900865986544e+00,7.840971373807030798e-01,2.368261303107001670e+00,5.776733823282954594e-01,1.109764542063666370e+00,4.177550843722658835e-01,2.922765547578741963e+00,1.827862408278334794e+00,-6.588757313332136434e-01,6.966181585063063730e-01,1.453003524557753279e+00,8.924235324612173059e-02,-1.196578110949668261e+00,-2.152038125789850209e+00,-2.756831286574857320e-01,-8.091367265970993428e-01,1.140270342768080480e+00,-7.171155751030517944e-01,9.629969027659606162e-01,1.224715928918854502e+00,-1.897502916394967709e+00,5.324819015458605698e+00,2.146276541222520429e+00,-1.697618371689499781e+03
1.048996179939019890e-01,3.476819542063585011e-01,2.237679545373058576e-03,-2.617021981491244986e+00,1.138458869138976759e+00,-7.155227355507740583e-01,-1.700733379296162529e+00,6.346901717086362860e-01,1.963346868833746095e+00,-2.060398815532198835e+00,1.851780142187253730e-01,1.195366688968714231e+00,2.370431726840883435e+00,-5.467585811787123440e-01,-4.769971760622930823e-01,2.041074433457907289e-01,8.554330543052006686e-01,7.458292174604905789e-01,-1.374738596485722830e-01,-2.049328598202938778e+00,3.161829988290851379e+00,1.074567752021290623e+00,1.593350873782877208e+00,-1.135127317067791131e+00,8.039832015127477138e-01,8.449906160021337653e-01,2.617807819800947566e+00,-1.999887085856463798e-02,1.135932746545054162e+00,-4.088295075421481406e-01,-1.626620477910819762e+00,-3.013537661699281500e-01,-1.762191744678331506e+00,2.624481054284736881e-01,5.691651924711511601e-01,2.255787046328969314e+00,1.384706441524116427e-01,-1.325535363598175032e+00,1.452647143860844314e-01,8.436047111688038669e-01,-1.598273752808637038e+00,1.861336996804611621e+00,1.432894366558248977e+00,-2.005099638114583360e+00,1.058097271659907745e+00,3.610552042467211731e+00,9.267186567576887191e-01,-1.355535091738372389e-01,-8.903342410494915482e-01,-2.183783409509597373e+00,1.277198029822605996e+00,1.890347507295777829e+00,2.554190495672288841e-01,-3.219066025618344540e+00,-2.096117625927043093e+00,4.613945320220834034e+00,-3.914896543777346416e-01,-5.998672908916199420e-01,-1.334753652112226963e+00,-5.015342303703261839e-01,-1.472028653437097878e+00,-5.799277139718060914e-01,2.382597476127870928e-01,-1.568317171974050073e+00,2.035244960238626444e+00,-1.075706794185685156e-01,-7.378552713567069210e-01,2.051838275311030912e+00,2.678154987653623142e-01,1.427424875143348704e+00,1.877648383173350366e-01,-1.656482477390081726e-02,-1.545831587788467854e+00,2.303672799242880986e-01,1.258701482213590850e-01,3.425417008954338982e-01,1.502049965218352212e-01,1.390300462842760432e+00,5.946968710606918007e-01,-1.085213990729727129e+00,9.976733962725373717e-01,-9.709110623178679456e-01,3.487235411189618439e+00,1.895925679832978883e+00,1.675738041208642448e+00,-1.467429290714242995e+00,-2.017948569097653966e+00,-1.530436500271966871e+00,1.714325978420010443e+00,6.849811566828227782e-01,2.882499861523397655e+00,1.698599910099888532e+00,2.951235560787055512e-01,-1.878798744519057928e+00,1.172723664303941149e+00,-2.130237519464568852e+00,-1.681374759698428978e+00,-7.179000517788108882e-01,-4.301511730879060136e-01,-1.604978323381416105e+00,3.185781082550551258e+00,2.138120901128463203e+00,3.863554128139766453e-02,2.739712253761866556e+00,-8.294081930368693012e-01,-2.879675192379729243e+00,1.779728543514521810e+00,-6.163223885474922170e-02,-2.341071795461215022e+00,-8.105670494059946662e-01,1.858929285907060969e+00,2.419523938059251034e+00,-1.192338059911917103e+00,-1.148303802221897207e+00,4.456590946346357107e-01,1.301437582589436648e+00,6.009212347925910747e-01,-2.846357027095050451e+00,2.154715584005645557e+00,-7.018179816451182162e-01,-8.766591634918988740e-01,-1.410598458984408721e+00,9.730719159380891714e-01,1.807320294858148602e+00,-3.411027712385917177e+00,1.730598385058945976e-01,-1.382273654124008266e-01,-2.255815953707694665e-01,-3.114942030669707318e+00,4.591760506479493076e-01,5.002746567267535305e-01,2.128476703352609745e-01,1.873219300835930357e+00,-1.082734971041950489e+00,3.086098283816727239e-01,-1.515362621236572283e+00,6.166735359224327917e-01,-7.540914937637599458e-02,9.827722337408137943e-01,1.195808601329230586e-01,2.436606036907641992e-01,2.766349534883620009e+00,-1.387205568259422539e-02,-2.120306438791363934e+00,-8.662183610538237710e-01,-1.325731914785461596e+00,-9.610435922372287942e-01,4.424711785436758471e-01,-4.462772812595722227e-01,9.614822018696885797e-01,-2.182614535271295009e-01,-1.388060958405377354e+00,4.760379942758555805e-01,-1.383379268049394817e+00,1.064602951928947272e+00,-9.434703897326250921e-01,5.725909585741274510e-01,1.749810990571053049e+00,-2.663584825365856723e+00,1.297878184523425960e+00,8.377167294173383238e-01,1.829792130400247352e+00,-2.677557284845134333e+00,-1.430577204612412390e-01,2.303210248382804082e+00,5.831382630362004216e-01,3.745502296499357842e-01,1.769027492335102814e+00,1.725945609280921944e-01,1.684396204683368259e+00,2.307563218449277254e-01,-8.190321228360267769e-01,7.337708339158923732e-01,3.576914142223904136e+00,4.632931824960623279e-01,7.073647819122478309e-01,9.112308074326463947e-01,9.504965054993022022e-01,1.563304333221942732e+00,3.029853579031244415e+00,1.183290696481833049e+00,-5.008403960855364323e-01,5.474448447810384977e-01,5.249441880496402701e-01,-1.203551770428604728e+00,-1.648551266154667294e+00,-3.258429072017502648e+00,6.164707196542908996e-01,-1.541732171259610595e+00,1.257892156363365821e+00,-9.506216522662557233e-01,2.787481175260909660e-01,4.414903897540671807e-01,-1.105728341278830129e+00,5.775042333537969697e+00,4.065347099314085888e+00,-1.696896005389357015e+03
2.762701188606550007e-01,1.159189064346525466e+00,4.312817961301960157e-01,-2.917152110173645951e+00,8.500615803662119330e-01,-1.541828308948807624e+00,-2.176576123042727406e+00,1.405314066477976187e-01,5.537797467791927275e-01,-2.350382373040807771e+00,2.953414972331291910e-01,1.525765521384824908e+00,2.203582108335196299e+00,-7.942365681707423963e-01,2.383265106393030575e+00,-8.974576207793829585e-01,-1.014647307999075210e+00,1.196244950805974039e+00,-3.847303199307443577e-01,-4.114741165640257714e-01,3.131087488347882530e+00,1.029362286163885143e+00,4.700787125671330308e-02,-1.852847121682422715e+00,-1.588215562020539151e+00,8.165687003694899193e-01,2.483395047300611391e-01,-1.941350599039470826e-02,1.146204227457122249e+00,-5.058444245968506392e-01,-1.089700196745244209e+00,-1.451966206650646407e-01,-1.920999107377880488e+00,6.290656020481136812e-01,6.166160099195833189e-01,1.119175391976506395e+00,1.802022952896689678e-01,-1.381498639900512027e+00,-3.189119016063628465e-01,7.648724744726321800e-01,-2.488895881143537991e+00,8.970056019698986471e-01,1.435363108887965256e+00,-1.546445603453410200e+00,8.954060019202110254e-01,3.552149041631680770e+00,1.881320002931721858e+00,1.266337331420994694e+00,-1.228519679802972275e+00,-1.918090929973843561e+00,1.364870386167725824e+00,1.687267166450102884e+00,-3.752055745379522245e-01,-3.288098439238557269e+00,-3.363316922042840940e+00,4.518648339498099631e+00,-1.111987478597590007e-01,-1.847195764970879006e+00,-4.665837989800229457e-01,1.419783592413380147e+00,-1.224710083909246627e+00,-6.821849094817088455e-01,-6.536337445029902771e-01,-1.449011428070347218e+00,1.850409055290935356e+00,9.113406960111423150e-01,-7.788214038490836044e-01,2.458153193559853733e+00,1.805335506884133689e-01,2.402299095583640742e+00,4.100503181510665174e-01,7.222725182348308515e-01,-9.453687927919172118e-01,4.940966419412859967e-01,4.079643357450811192e-01,2.715084498703557170e-03,1.637495231282088126e-01,9.755346921110922276e-01,7.209737751890296087e-01,-1.222681658607850608e+00,-1.112976822615508593e-01,-8.966246176829851811e-01,3.438247120042418725e+00,2.274617279134661274e+00,2.267388902377288407e+00,-1.549189476581170011e+00,-3.222818490895541732e+00,-7.366163784759938160e-01,1.229184035230633576e+00,-1.479676405097990921e+00,8.522933065686348897e-01,1.662279002167962760e+00,7.870842618243243383e-01,-1.896027632552886644e+00,-1.596036720961555133e+00,-1.723109707584949746e+00,-1.647403318972448849e+00,-7.157367506696494797e-01,-3.208101719997814572e-01,-2.238734655318348921e+00,3.720289999500541622e+00,2.095146259664810273e+00,3.517290792429503821e-01,1.702497367680900542e+00,-1.849639447527687386e+00,-2.464362432728262942e+00,1.254482598763821510e+00,1.972589538762473449e+00,-2.029282573405008172e+00,-9.100184440196987801e-01,2.132996779033341284e+00,2.557512771696933473e+00,-1.335708659939474963e+00,-2.895950409584474583e-02,3.050534060121913860e-01,2.519125686814882026e-01,2.980158577185924029e-01,-1.901209197258540762e+00,1.252337507716435372e+00,-1.055174817252702013e+00,-1.057483918292188019e+00,-8.809137688149988321e-01,1.456039939104604164e+00,1.205619541582308329e+00,-1.765912886364054080e+00,1.565506321758751429e-01,-5.610258858689111394e-02,7.944387973884537990e-01,-3.177501449208830486e+00,6.661847012040730265e-01,4.387465382248539880e-01,1.510675573643775138e+00,1.622130120443839196e+00,4.854178194307461336e-01,8.220019541074309322e-01,-1.618188073956227324e+00,1.288677357434528936e+00,3.340005631471114622e-01,2.457031559337988780e-01,2.243685350217395069e-01,-1.857077734579168637e-01,2.924043436760410231e+00,-2.719525278470886209e-01,-1.952878035416324876e+00,-7.211326192820077807e-01,1.410610115518596164e+00,-1.082342040905792890e+00,3.320522307359576875e-01,-1.112730212505269822e+00,9.796765110518631525e-01,-2.214466961841589643e-01,-1.447475157979966287e+00,-2.886723639731126334e-01,-4.956141237143658618e-01,1.326567726951737747e+00,-1.046040719932441077e+00,1.611610791704650492e+00,1.599322423201264609e+00,-1.699529029971945437e+00,1.254707504966557696e+00,-1.963179477398008244e-02,1.672634841295748576e+00,-2.808145956783021369e+00,-4.646040411530760056e-02,2.391055766470404631e+00,-5.993766399664598454e-01,1.110546519909984209e+00,5.639437713012568354e-01,8.543222616661613200e-01,2.391760803374189670e-01,9.088427334375215327e-01,-1.582866628093329564e-01,-1.082035428881074957e+00,3.426785035303290705e+00,3.896428465730218949e-01,2.213823755298648166e+00,-4.174084299037901513e-02,1.147003920204790584e+00,4.709264584643108043e-02,3.340284931980143757e+00,1.586119468732467785e+00,-2.367303822167624805e+00,-6.973111797855002791e-02,5.258571008350323428e-01,-1.169416610477111429e-01,-1.696045791066713937e+00,-2.434375731122461861e+00,7.319235982892637882e-01,-7.588603658167927257e-01,9.071306672922929693e-01,-1.075412540120619598e+00,1.128129414067291059e+00,1.333640368581018310e+00,-2.073254913012038791e+00,5.457615374877894610e+00,4.458156731114853777e+00,-1.597724963333374262e+03
5.259280145848326260e-01,4.990487890392484305e-01,1.612115409684488354e-01,-2.348903113845591584e+00,9.435553275476253887e-01,-7.888145548437404120e-01,-1.920715890413096538e+00,-3.004403230334636854e-01,8.365666744931311571e-01,-1.190704216193965381e+00,-8.712336240478478488e-02,1.747198566986298829e+00,2.650414242773653228e+00,-7.321026846385459974e-01,1.719182887260704007e+00,4.256829233659772393e-01,-9.888044467061257725e-01,1.296607736737510397e+00,-1.078313640670875317e+00,-1.826994157845598599e+00,2.631000217901300786e+00,5.435888615492534548e-01,1.442269668116356707e+00,-1.920570001585210740e+00,-9.944984779933256913e-01,1.216930398217247022e+00,2.609969649475816222e+00,-1.270189408954111934e-02,1.850142370423423444e+00,-2.388335574043096710e+00,-1.388887596176865191e+00,4.348437862249653896e-01,-1.785126744041533930e+00,-4.380466623012271160e-02,1.155144349208778509e+00,2.286897759653047757e+00,2.510988822633649087e-01,-8.957881708186586911e-01,-5.789926280231691980e-01,9.901785965980315352e-01,-2.176018974207188705e+00,1.618553183130883477e+00,1.245248731532307307e+00,-1.633034693323908160e+00,8.756701391926918765e-01,5.061836956386800424e+00,6.074732589553161199e-01,-3.682041845741488295e-01,-1.184668205872423163e+00,-2.165354640775432493e+00,9.997988652300823231e-01,6.232639852197215946e-01,-2.920462194795580557e-01,-3.268114206980571534e+00,-3.687569597358872020e+00,4.628437478405316163e+00,-2.798797047418972728e-01,-1.774273309149921429e+00,-1.411012168523749333e+00,2.540725559804266176e+00,-2.940623741542919625e-02,-6.149510578670080996e-01,-2.653002998026096626e-01,3.143172656186984937e-01,1.990181441690490161e+00,2.186710172192360968e-01,-6.047395489247329170e-01,2.816781428628134964e+00,1.561705548782991393e+00,9.247678775730078238e-01,2.807387361275788806e-01,1.839828790373715384e+00,-6.544780546562641854e-01,5.617074555243085632e-01,4.608016064595789052e-01,6.184867974551609970e-01,1.392208645691480617e-01,-4.998595583342617665e-01,5.065260188115705553e-01,-6.262368554719915936e-01,-1.804720121179687053e-01,-1.054390937401007200e+00,4.108546091433630920e+00,2.819696788399397747e+00,2.706794686014782680e+00,-1.520096347734265718e+00,-1.168730376016420713e+00,-8.105476891425174024e-01,1.041253584396172105e+00,-1.596076331023901229e+00,3.495516757571111022e+00,1.586294442749166533e+00,1.015841680501149868e+00,-2.214349622379211624e+00,9.144642891479760616e-01,-4.659432662995873997e+00,2.569040882389931890e-01,-8.155665736271737742e-01,-5.794119079861985711e-01,-2.230085656947586426e+00,3.198374421708310322e+00,1.770613856443884693e+00,1.230016421872758836e-01,2.557299076469564447e+00,-1.343642071080734191e+00,-2.270946721648713140e+00,1.410013207797045087e+00,5.186949139380535312e-02,-1.509910102463616566e+00,-6.747883733537678452e-01,1.286970895860088060e+00,2.448375924814054638e+00,-1.229146027839485011e+00,-1.202035980011190386e+00,5.371365034510526826e-01,-3.867673334016518139e-01,8.120276302905361510e-01,4.250875289974634375e-01,2.203239275026397603e+00,-7.243796175419192629e-01,-5.560055134236780994e-01,-1.330851800428288767e+00,4.026391344596500943e+00,8.702571933941569693e-01,-3.274832605086793524e+00,-2.166554542971804942e+00,7.783364400625540913e-01,-3.987378107059371124e-01,-3.340812676529918424e+00,7.032430714260644589e-01,-7.145163039215175482e-01,1.904100308307792089e+00,1.995467273708470657e+00,5.132864455041734331e-02,6.069907670044943915e-01,-1.854979011111951293e+00,1.583375699703462702e+00,1.444598607367346688e-01,1.027872565570237429e+00,3.414982707077379165e-01,3.380463494813675251e-01,2.898421322310338777e+00,-1.428506694831480073e-02,-2.168179770635809689e+00,-1.878435848688598808e-01,-1.151214148062189579e+00,-7.139101635181470673e-01,8.748901712088680283e-01,-1.986806900353851324e-01,2.973901631640573640e-01,1.557392420106234465e-01,-1.216134595237007954e+00,-4.640588663603856245e-01,-5.919342754912086946e-01,1.283215840855150169e+00,2.198792651882705562e-03,1.571360288541062467e+00,1.620016240136369579e+00,-2.244237849675325691e+00,3.734383447599392891e+00,4.136004668702475406e-01,1.861993060769806752e+00,-2.324926816685013886e+00,-4.152438770369590998e-02,2.614725147512276138e+00,-7.403152830667110162e-01,9.689738415616707679e-01,1.900359155385946464e+00,5.811107727149233959e-01,1.822071685863317914e+00,1.185166532539050355e+00,-4.746232888567612773e-02,-7.274041820951028248e-01,2.474054856474301012e+00,8.012380734347898659e-02,2.423735280541512882e+00,1.175749235305409285e-01,4.337550698405256422e-01,1.499693511765634701e+00,2.855418431265674517e+00,2.081472195128964753e+00,-6.346071946374285400e-01,3.865602978021351888e-01,8.001106560328916650e-01,2.144074327440260164e-01,-1.682152560120068641e+00,-2.258515746152829795e+00,-1.167411683244945486e+00,-8.064116497840850828e-01,-6.607038351929455100e-01,1.324158862778060275e+00,6.857257936358409633e-01,4.695397865224315015e-01,-1.235337129100834597e+00,5.374443656175854400e+00,1.993791178051776081e+00,-1.597125574718123062e+03
2.775168176039449763e-01,1.104397446446786724e+00,7.795314798562302805e-01,-2.870505403311963022e+00,9.602609584334166337e-01,-1.437509564366099835e-01,-2.193591078474145029e+00,-4.199841260960819611e-02,5.189432095885075924e-01,-1.944404679707442352e+00,3.228970752695439761e-02,1.497755012409955455e+00,1.876546701811997009e+00,-5.833557167326144932e-02,2.075465306326620851e+00,-1.335584258612444231e+00,-1.679737787905632551e+00,9.677507729610077547e-01,-9.532229625742798529e-01,-2.123643776664484228e+00,1.850367766494459110e+00,1.781796686419675035e+00,1.320378671717337360e+00,-1.581174689886588824e+00,7.679427285593165564e-01,1.156105962703946055e+00,2.966258408075792996e+00,-6.302572489183286830e-01,1.365802901887264831e+00,-1.092684520948084437e+00,-1.141788553168062492e+00,5.989848022772976677e-01,-1.153452691583892964e+00,3.553760733707850283e-01,1.978199178283779891e-01,1.541841325315285616e+00,2.689690923995733951e-01,-1.119233192838118507e+00,-1.195981288371041673e+00,4.924673119233460294e-01,-2.295084635258227035e+00,1.783684017745154282e+00,1.152620476447339337e+00,-2.109194991070721503e+00,1.292416376442568238e+00,4.213118523155055861e+00,1.007664742518322276e+00,9.985382228750689926e-01,-1.310414257375813296e+00,-1.749082204440254307e+00,1.175173436248963199e+00,2.297132315590730389e+00,-8.160162683155238739e-01,-3.469521883073862334e+00,-3.027606556454800923e+00,1.381569584704580800e+00,6.288033487403188460e-01,6.067779143841600664e-01,-6.979289711253543471e-01,9.731688419045734229e-01,-6.204019552572274110e-01,-5.357567886997901541e-01,1.699999451347117274e-01,-2.818861402933786064e-01,1.674904885425096079e+00,-5.411423779921720190e-02,3.307905451058459345e-01,2.380536629393640524e+00,4.212084838693100908e-01,1.216110782580119398e+00,7.087457932780963366e-02,7.538567098282021872e-01,-6.618665327219149797e-01,6.807499419050500045e-01,1.611019883502262662e+00,2.736295910219055383e+00,5.184978088291520848e-01,-1.931254812275694066e+00,1.574171261231671615e-01,-1.164495128112559952e+00,9.939522489312109244e-01,-7.838192766181665272e-01,4.345720102463747736e+00,2.180300257291690524e+00,3.507848603815407973e+00,-1.423120073634518867e+00,-3.336010314748445005e+00,-9.348716340720588658e-01,1.081581709768492994e+00,4.240443127439502691e-01,6.032526802148994172e-01,1.669083657156577916e+00,7.147571562906825937e-01,-1.955380945451465458e+00,1.159525269953060489e+00,-4.116134820305727970e+00,5.006024813375918592e-02,-8.707191726517532482e-01,1.494865433645685471e+00,-2.169135361735769596e+00,1.441429744151474956e+00,2.198922124052028249e+00,8.287284328951264323e-01,2.461925729946615959e+00,-1.377472083500086208e+00,-3.166334384116834766e+00,-1.068857613861898398e-01,1.276563269387895883e+00,-2.267700179540920846e+00,-6.994841020300239798e-01,2.169142487801317909e+00,3.226873394816543783e+00,-1.761620827614843510e+00,4.413601825136038992e-02,2.135968227583239898e+00,5.046727844776238703e-01,1.456933729189852533e+00,9.381248732907248034e-01,1.687675093906278789e+00,1.774499066217575804e-01,-5.855053468027752173e-01,-3.964529476559932042e-01,3.926239990407221825e+00,1.348273375057186918e+00,-2.198749112510277381e+00,1.131686087244142769e+00,5.966156778822282458e-01,4.203016543198433846e-02,-4.366968546743231983e+00,-2.806711889194123954e-01,-4.932977503942909125e-02,8.958866576513511149e-01,1.485040747341340062e+00,-4.565463028307938931e-01,8.931095011711454035e-01,-1.869586245769676358e+00,1.311416982757862781e+00,-7.260485084039879355e-01,2.606717980322484918e-01,-9.684516218715980007e-02,6.652920521004693222e-02,3.284610466247766869e+00,3.948091916333857920e-01,-2.384368981989140046e+00,-3.661747266664044931e-01,8.792719654096203818e-01,-1.770474542874863388e+00,5.971272854451425971e-01,-2.833687717794007632e+00,6.287880515290147354e-01,-3.407646777354966239e-01,-1.889149709048345560e+00,-3.610984473416938845e-01,-1.105398795513036214e+00,3.674434374935526382e+00,-1.737162432456362537e-01,1.790265686220674279e+00,8.003643356662945019e-01,-2.059933924777441305e+00,3.523066069959549740e+00,-8.063666993937349536e-01,1.530647568522487401e+00,-2.251887614747629218e+00,-1.234474482892901903e-01,1.701661835996118866e+00,-3.513701508903167015e-01,8.976371639054339102e-01,2.315248696430951103e+00,-6.667527324084555895e-02,1.595347008042073522e+00,5.431909306342271870e-01,-5.614982542062316728e-01,3.795597067832471444e-02,2.814089256785217597e+00,-3.682689893525905589e-01,2.323286712284461153e+00,3.768181529984399036e-01,3.535138998870668292e-01,1.300708925705413632e+00,2.697504930360206110e+00,2.003082896091414877e+00,-6.558729925254505044e-01,8.054310970910476541e-01,3.115475746291524461e-01,4.240848265791953287e-01,-8.252449433560424819e-01,-3.156676678659006363e+00,-6.563706201488429537e-01,-1.436954589564934048e+00,7.225558673340908289e-01,-5.905590175966992650e-01,1.925360995078606585e+00,1.277056079091595464e+00,-1.814648274905788172e+00,5.303945396364516895e+00,2.272050281729360854e+00,-2.056673191351314767e+00
-5.509591005952598763e-01,8.287564747065127024e-01,-3.263881000837095536e-01,-2.560635761940709632e+00,1.102792962052695946e+00,-3.022100610275412769e-01,-1.827516478262955824e+00,7.288447374641701670e-02,1.102831610322471123e+00,-6.915134449780644399e-01,-3.021925559119647553e-01,1.355630347602367225e+00,2.922615072887782439e+00,2.708123712465261845e-01,2.267589380321846981e+00,-2.802507269291270031e-01,7.439380639935289086e-01,1.553253103914146616e+00,-8.990198486567569924e-01,-1.689495595426836250e+00,2.358243945132791453e+00,1.657048496733909193e+00,-2.183832503145799464e-02,-1.558815690274090393e+00,1.966698522950503847e+00,7.943192163462347022e-01,2.924152525196169194e-01,-2.799832547101736013e-01,1.133575005996352747e+00,-1.785009535725201602e+00,-1.853431450340788711e+00,5.428157482891295960e-01,-1.653201003036453232e+00,1.628441873340341628e-01,7.235791538632888598e-01,1.701944014171880459e+00,1.149905105644092734e-01,-8.162440340324399468e-01,-1.613737379348644252e-01,2.739202864981257424e+00,-2.701993063776451098e+00,1.614264815338614989e+00,2.162930220644680990e+00,-1.541461599129124949e+00,1.370746421350319100e+00,3.486575881504531349e+00,-9.715254165356636273e-02,6.225712647073066153e-01,-6.248432716730881742e-01,-4.921439309621439828e-01,7.227183911434720276e-02,1.624136745267409587e+00,-8.029804467301658588e-02,-3.096232906032226229e+00,-2.527884960126152603e+00,4.671845160116731677e+00,7.442087717880269127e-01,-1.191963740988413178e+00,-2.675841550495798860e-01,8.842174937096178855e-01,-3.641347435968070312e-01,6.272745648678891284e-01,1.137869466387299577e-01,-8.521931565827937094e-01,1.437325082604469673e+00,1.132208523400445310e+00,9.795343226152541938e-01,2.110771520906042031e+00,-3.203636381393916710e-01,1.702575335213738938e+00,-1.503225749680197287e+00,1.258189322159994683e+00,-1.338270729011457716e+00,7.203836187642267408e-01,4.715653314674584928e-01,7.534833870915744747e-01,3.982845412740239066e-01,3.796083422201810276e-01,7.549396029654145135e-01,-7.678705271611306893e-01,-1.973707635047708409e-01,-1.045015935839877397e+00,3.372926442651830392e+00,1.900312880106151958e+00,2.565872832033807338e+00,-1.722368640258375772e+00,-1.472571769323386626e+00,3.560297158710665211e-02,9.407678964619113904e-01,-1.625634209781443573e+00,9.939026423836989643e-01,1.762281470012104112e+00,3.403041289596114849e-01,-2.215336428567981741e+00,-1.632566079901625278e+00,-4.100689777966056049e+00,-1.189212086363009124e+00,-1.105389353666881957e+00,-5.004269319744916178e-01,-2.562432845493554989e+00,1.868475496407070002e+00,2.985215602221827358e-01,3.719852809181267705e-01,2.200937391618423167e+00,-1.509732947638775080e+00,-1.199666421396290428e+00,1.243235454073424062e+00,1.479492603565215891e-01,-2.353945403363901789e+00,-1.404065833554410059e+00,2.274399942498576799e+00,2.189890263383166946e+00,-7.693376040635311330e-01,-1.549667143701213057e+00,3.026436854777811436e-01,9.003684546756657303e-02,1.532213030250351160e+00,-6.846725713661792057e-01,1.758482145444808520e+00,-5.154047766507647843e-01,-2.885407150296255274e-01,-1.480497096205332763e+00,4.343634301134361664e+00,9.588846608736647514e-01,-2.067770718337925029e+00,4.966629862003184015e-01,7.480724059280507987e-01,1.293036771862442480e-01,-2.795599064872635875e+00,-4.643503400223960575e-01,-5.006037896124312381e-01,1.485255836140923602e+00,2.242078008807583789e+00,-1.484591814722089342e+00,-1.636794024272370862e+00,-1.311173302934931284e+00,1.097202661668773560e+00,8.671852381078071215e-02,-8.131140239467957720e-01,-5.731647008211560035e-01,8.833204429455542295e-01,3.288297528371951994e+00,5.432495518346851515e-01,-3.348443141776361820e+00,-1.053774459837377053e+00,-1.167021601680478415e+00,-1.749867229539170621e+00,2.693107920997649396e-01,-8.587241656805530976e-01,5.892631384890381074e-01,-3.124176090715138354e-01,-2.459265077751274120e+00,-2.836058161357808416e-01,-1.350600184040216867e+00,3.523886930905666404e+00,4.334804910979164760e-02,1.106314841507592073e+00,1.847909439859264591e+00,-2.047281760093882408e+00,3.641422727635064582e+00,3.753351369761130374e-01,1.956283841359424347e+00,-2.937594886821103923e+00,-2.365687989333590258e-01,3.542394347922256159e+00,-6.490726046170094410e-01,8.463918653145802162e-01,1.737484169041325188e+00,1.115473683665575422e-01,2.929747860634458467e-01,-8.513236590843834550e-01,-1.058785938188135711e+00,7.800567522467639903e-02,3.036805040514762855e+00,-8.009138999310994045e-03,2.369194015585382562e+00,1.008872269906300190e+00,1.049886808446146791e+00,6.327098464497888930e-01,3.189685070662132915e+00,-4.010595741260740699e-01,3.815470539004968131e-01,5.666876643774908517e-01,3.185044196328274957e-01,3.378256469032764331e-02,-8.032331845810601889e-01,-2.734504544899563960e+00,-1.143141359929632922e-01,5.949824573663765603e-01,9.019181307265706771e-01,-1.173942618403321259e+00,7.121202391324666925e-01,1.372222002478788561e+00,-1.646459444256965110e+00,5.404766511899513404e+00,2.339544897891630448e+00,-1.636206085757476059e+00
1.207471303158452969e+00,4.320901838301534625e-01,4.408730610206985090e-01,-2.561667612033501129e+00,8.790748805287995626e-01,4.044405871070391179e-01,-1.138083172650542929e+00,1.053312490441109250e-01,1.290014240393546840e+00,-2.066604470549858075e+00,-2.968487215994102812e-01,8.842876802187485952e-01,3.202822248702934971e+00,-7.244948820618691832e-01,2.182071497521949066e+00,-6.907985480670202350e-01,7.503085536287005253e-01,7.841383860923941684e-01,-7.300324213936425499e-01,-2.221985893357838027e+00,2.305365339525354162e+00,4.941606148281238453e-01,1.313296721087794161e+00,-1.558315934362749955e+00,8.883965222481059465e-01,1.053027724062372217e+00,2.519844057085434574e+00,8.022845964028278987e-01,1.206336969061465370e+00,-6.704848074849425466e-01,-1.368888718687746531e+00,-2.152586308641249446e-01,-1.156880571441926797e+00,1.504322838226096692e+00,5.268943438226258991e-01,1.377245387967978019e+00,-2.508153033212779937e-01,-6.524686301242701436e-01,-4.556391501008067446e-01,6.822283894620784217e-01,-1.172831348861307799e+00,1.261592020172901618e+00,1.619090451067895842e+00,-1.956651199325876167e+00,1.001984017760213286e+00,5.111404592687282644e+00,9.523107925141494068e-01,5.361277064159517547e-01,-1.224938317784683983e+00,-2.135202369309823656e+00,1.073169834038867343e+00,1.909529397283174612e+00,-3.117553716209793824e-01,-3.089177264527987798e+00,-2.304055277921264633e+00,4.646111691123565812e+00,6.234743355488568950e-01,-1.601561804509450404e+00,-1.386678177371828968e-01,1.343202271793205504e+00,1.895944922844402525e-01,-1.408804518012225060e+00,1.009225335368687804e-01,5.724115422614274307e-01,1.513927834755846247e+00,-3.744790445184122962e-01,8.024440526353007197e-01,2.082117573382566089e+00,-4.135246222535672311e-01,1.817528680032421073e+00,4.266617791787801206e-01,1.243976209012213063e+00,-9.496459363064280179e-01,4.347529462068950856e-01,1.555341139532449457e+00,4.560782318253681633e-01,3.567343007356854612e-01,-1.176741545264379241e-01,2.697541334533045121e-01,-1.362376866483283600e+00,5.280804138501770106e-01,-4.470392631375048609e-01,3.453765802610354374e+00,2.299403381515827682e+00,2.458415925719230177e+00,-1.176284163305831632e+00,-2.789710191818239871e+00,-9.503466194477303564e-01,1.531861304233339993e+00,-1.242478571966934675e+00,3.000683810841887844e+00,1.685493421305693795e+00,5.536143963164268378e-01,-1.984191699137291431e+00,-1.526669286828533201e+00,-4.480737298028452997e+00,-1.210256037556038278e+00,-5.849969374895880314e-01,6.277159412067705446e-01,-1.827212860159202146e+00,4.706925017470440786e-01,2.009385137363177254e+00,5.038826829828397802e-01,2.619858943284235409e+00,-2.526799024038935748e+00,-2.201219487965168753e+00,1.352748260830813676e+00,1.814310017465999847e+00,-1.601604829505244076e+00,-1.755667082546046531e+00,1.654933512978258081e+00,3.821415065944125722e+00,-1.202114479744730735e+00,-1.480000341397746277e+00,9.472737493097183048e-01,5.356145122697890670e-01,1.549059735313048414e+00,9.489232854692590813e-01,2.323753440010673632e+00,-7.706655348877606837e-01,-8.451287513507591553e-01,-1.793358239271583887e+00,1.731840361860490507e+00,1.004570694318622337e+00,-1.944475175966753788e+00,1.722990666005340954e-01,2.027774828619504977e+00,2.170492957092784170e-01,-4.526300210301461568e+00,-1.058705899114606303e-01,-1.105791281564650452e+00,1.352878721587725819e+00,1.705327544120443184e+00,3.336016016997259137e-01,1.081718178172777156e+00,-1.835381400406739472e+00,9.357082477474144566e-01,3.381544258244533196e-01,5.997071938170591698e-01,-5.019397808078440715e-01,-7.777473591886645554e-01,2.604516662396998417e+00,4.244612087919731325e-01,-1.963645936049962737e+00,-4.322165988809522075e-01,-9.058956661241970298e-01,-1.247751401867965848e+00,4.137898863310158770e-01,-8.457121390771262792e-01,2.522230594375381996e-01,-1.547552836954303734e-01,-1.855553104388457220e+00,-4.992513051585892869e-01,-5.920091493730896826e-01,1.467992882960133416e+00,2.585046314645475518e-02,5.852413146171084879e-01,1.971181067340893378e+00,-1.557922722980924712e+00,3.496685869051430640e+00,-7.781861010414384272e-02,9.081614081145654715e-01,-2.653022031490483101e+00,6.708802136426627039e-01,2.565877083968009842e+00,-1.135593181993930889e+00,6.075605530987562286e-01,1.855504024239548633e+00,-3.685277266412905761e-01,1.712779277602725525e+00,1.007310848805012871e+00,-1.002006413616750136e+00,-2.243344737393980770e-01,2.853937057002269295e+00,-3.692649826340649311e-01,1.963176325229766928e+00,2.823210206381579490e-01,1.061858622955359266e+00,6.005624692770892281e-01,2.926393833860819083e+00,4.588410403033709173e-01,2.251627523840087353e-01,8.041203457298897739e-01,6.998457389761962855e-01,2.953508402034997760e-01,-9.273267748987256143e-01,-2.303023360695311883e+00,-4.886706713197594421e-02,-1.455039556854985205e+00,-8.981484676549180701e-01,-4.088225455666351094e-01,1.300466113832164039e+00,-1.665831914325524021e+00,-1.507854210537629136e+00,4.924871349872710802e+00,2.649201418805450903e+00,-1.188133815443902730e+00
-3.677075820609465584e-01,9.503880395304731277e-01,-4.933659825112335917e-01,-2.525480772385944928e+00,1.111474886559003616e+00,-8.814491965618437286e-01,-1.019398618009528690e+00,-8.860926315145326027e-02,1.085330580996872740e+00,-5.794749405063432945e-01,-4.834052324973460157e-01,1.384667192024591875e+00,2.242453965917670988e+00,-1.696332902449820823e-01,2.245994145521007734e+00,1.670993977595591484e-01,-1.020244837301578444e+00,1.000591794346633145e+00,-4.613527293316116995e-01,-2.220764263048351062e+00,2.473711378112994019e+00,8.309712010136546256e-01,2.545946003948148517e-01,-1.827664370068067257e+00,1.873850086433717754e+00,7.861981401959278193e-01,2.492085494069927076e+00,-4.187629781291848374e-01,1.480072226279631309e+00,-2.390916117914022809e+00,-9.896192733031248245e-01,-6.461445171499734241e-02,-1.615663418437302656e+00,1.591353970347531011e-02,2.195261418237818840e-01,2.204321617465587746e+00,-2.423372472444370318e-01,-1.066152027948620518e+00,-4.464682763292614487e-01,2.832229244811557134e-01,-3.752060363751454353e-01,1.778390424190447128e+00,2.102528975177221149e+00,-1.987860099010262172e+00,1.375890410277337716e+00,3.509429794900508881e+00,1.253215495469577112e+00,8.992700509234008432e-01,-1.513066283327767714e+00,-3.337070353145531465e-01,8.904670441907996947e-02,1.971251992403126874e+00,-1.705362177511529076e-01,-2.859228024286220471e+00,-2.875563937844316076e+00,3.417534772280650390e+00,-9.863090517669350632e-01,-2.004000626132213636e+00,-6.785224212640501573e-01,1.260127621813521337e+00,-2.964523216447445542e-01,-1.106553460296842539e+00,1.391396908559896728e+00,-1.401911157559005305e+00,2.691571756876762311e+00,1.239155734585247082e+00,-4.104690877116543013e-01,2.222854147177056205e+00,-8.571234707672582553e-01,1.954213051332326812e+00,-1.552465603240796188e+00,2.183758787892131625e+00,-3.455503480849511089e-01,8.845012918623700315e-01,1.170408105162160428e+00,2.500612984525043991e+00,2.458652835873647913e+00,1.823194927437039037e-01,1.078253702756244659e+00,-1.335434653366343261e+00,-2.808375734925332989e-01,-1.223911349753289635e+00,3.394340964482747136e+00,2.001869427311849137e+00,3.072904326343744774e+00,7.028546551114198682e-01,-3.078438148118578521e+00,-2.282080874750372912e-01,9.274236905211985516e-01,-1.337348335759890983e+00,8.970151109373736276e-01,1.301716712482064553e+00,7.787772665752007439e-01,-1.917471079344963636e+00,8.548285724870143820e-01,-4.129524246886232319e+00,-1.995755469962420481e+00,-3.255212379147953694e-01,-9.797169075836359431e-02,-2.328598469367802792e+00,6.841195801201229720e-01,3.815071070605960402e-01,4.425502690284503771e-02,2.594693666351640005e+00,-1.661464329001114848e+00,-2.579430879910999064e+00,2.578042726750960356e-01,-2.665411255800806400e-01,-2.616517540137446751e+00,-1.592971298018910131e+00,1.478058606108544781e+00,2.101315716434232872e+00,-7.779142289308227376e-01,-1.399342495017560584e+00,7.584459131599536885e-01,4.366828171241776690e-02,1.161980425033635189e+00,-2.277988465882980318e+00,-4.995045296232132892e-01,-4.703278763001715324e-01,-6.707640857560115411e-01,-1.711739093028713743e+00,1.258219443501799262e+00,1.242194143702315401e+00,-2.199190784554836853e+00,1.895630838181243394e-01,7.488168879635365149e-01,-1.326864937537037409e-02,-3.427954174270377408e+00,-8.140711198939347693e-01,1.466521164262448440e-01,1.919426783631130506e+00,2.994578767072567427e+00,-1.028304442956205211e-01,-1.540217770664107366e+00,-1.232121871729009582e-01,1.022113983488245115e+00,-2.962037400770869966e-01,-9.313355831167563492e-01,-1.261450308343459170e-02,1.409407055848961587e-01,2.163111364810702764e+00,4.484979794017410759e-01,-3.268191827410650063e+00,-1.041366103095787032e+00,-1.046694321106748093e+00,-1.676006681123009212e+00,7.061349410445394437e-01,-6.228398709626126184e-01,7.589086071785972054e-01,-3.791835151778680246e-01,-2.308183052737840413e+00,-4.018676788647849163e-01,-1.799049255086646815e+00,3.563439529121429139e+00,-2.406461094230837039e-02,7.277973898102980677e-01,1.699917349241558684e+00,-2.048993606259174260e+00,3.210401059824274927e+00,7.784906410515513020e-01,1.855831401350566123e+00,-2.793417536526777933e+00,1.830555862792953015e-01,3.210038642362916139e+00,5.544424956019251560e-01,9.925785667910422272e-02,1.681562801832813703e+00,5.290011264906474553e-01,1.926201620935729109e+00,-9.690415674444012584e-02,-8.220995805116845245e-01,-1.176959044529752793e-02,2.921894670616080436e+00,-2.260878697014767624e-01,2.381011277816984961e+00,1.075399408191007433e+00,1.220828216044477499e-01,4.419550289276198418e-01,3.169006519879459027e+00,1.967946324551082427e+00,-1.088690053127743251e+00,3.857015994886435761e-01,4.339633531321792637e-01,7.367377013849163436e-02,-1.017857415960901957e+00,-2.482691606920308214e+00,-2.107901775915282105e-01,-9.134900794575026017e-01,8.983694708537410811e-01,-7.043866743728300905e-01,9.854488170635159472e-01,1.409958654759887242e+00,-1.799101510923761360e+00,5.150355248332322944e+00,2.215617930534752755e+00,-9.280305020602956922e-01
1.169495425057341054e+00,7.301791414053845353e-01,9.893628656154738188e-01,-2.409417607209114021e+00,9.009676322275969040e-01,3.774829782844697501e-01,-1.748631164025594042e+00,5.645997007373377841e-01,2.082259202982143176e+00,-1.900333029090343295e+00,-2.296913468633888789e-01,1.080584572367507157e+00,2.458607474724838760e+00,1.529130154229385308e-01,2.031521754521677714e+00,-7.296360257133640559e-01,-1.241125941867323057e+00,7.367088659454572586e-01,-8.778039823568437039e-02,-1.971284313808412403e+00,1.626636442191274456e+00,4.195141371470422764e-01,1.599097986102476998e+00,-1.182280939803841413e+00,7.600186977539282740e-01,1.059697935173816941e+00,2.771728117202171937e+00,2.041730438690866900e-02,1.295656584586433624e+00,-5.440391558922464954e-01,-1.519350590948778557e+00,-3.335563448420362787e-01,-1.926963498154027343e+00,1.302936654915775871e-01,1.103392824160565500e+00,2.196287818920954482e+00,-2.498926978796321974e-01,-1.183376895235213278e+00,5.115018128906972938e-02,1.395649820828051002e+00,-1.686035462633337811e+00,1.963467277770389208e+00,1.448060558798383468e+00,-2.003808691614824333e+00,1.139726544347456905e+00,3.495427867950661849e+00,1.736542238495921431e-01,5.060565851486332339e-02,-9.815524189518817222e-01,-2.175501331194641619e+00,1.689722171893236480e+00,1.831896108504685650e+00,-5.958186675889660666e-01,-3.122338911191539612e+00,-2.641097445153567591e+00,4.604468700249124247e+00,7.833485360600500602e-01,-1.666602635534394139e+00,-9.608723235955684006e-01,1.358336175118994404e+00,-1.558362594507395782e+00,-1.310564178344891362e+00,2.730257185577707468e-01,5.283637836780777919e-01,1.859032383857977644e+00,1.274054969736571286e+00,1.024764913322344650e+00,1.928027860519534453e+00,7.689734453722003593e-01,1.623779966962203947e+00,-1.756305146512875115e-02,1.114923786057520738e+00,-1.615007730417120202e+00,9.714588950051122884e-02,6.714498599792747546e-01,5.105816551025227357e-01,2.942568087671370014e-01,1.899220905305923357e-02,5.609623467231659166e-01,-7.739332991474938694e-01,9.650439621798988510e-01,-9.947448491287609329e-01,3.419133950666144894e+00,2.366257825138500248e+00,1.810543085971355159e+00,-1.617070836282880730e+00,-2.732701590271562342e+00,-9.665509110557167771e-01,1.539467252901748351e+00,-1.287081473259989783e+00,1.014215054179351094e+00,1.826458517595244135e+00,5.476728832492767651e-01,-1.955555200688130935e+00,1.015422194556488078e+00,-2.275794584076347604e+00,-2.140562957345757411e+00,-2.417132288330837708e-01,7.627363621883883615e-01,-1.691259430256268903e+00,3.206306588262179957e+00,2.105876396135091699e+00,3.293148244338266473e-01,2.641859851883729515e+00,-1.906061798257706830e+00,-2.355612044650379211e+00,-4.624344916781113479e-01,-7.897913686236121555e-02,-1.615685502959503639e+00,-4.054399059025727281e-01,2.137302369125223311e+00,2.393569577527381753e+00,-1.220656476708139149e+00,-1.787846233340813495e-01,7.580874449215029010e-02,1.910920704998477770e-01,7.862745614257348192e-01,-2.445562961883912534e-01,2.701150153913182361e+00,-4.683278060968022460e-01,-8.966889324780087378e-01,-7.769966185711545403e-01,1.600038186053422296e+00,1.772369788587981221e+00,-3.482926313991758782e+00,-2.166926448302870956e+00,-1.503551373363393173e-02,-8.868483732371686135e-02,-2.631410876599909798e+00,1.266976282245195762e-01,-4.184078631793472502e-01,4.811724662857059243e-01,1.922893517536005348e+00,-1.306200108934875592e+00,1.154808747404454827e+00,-1.728478758071829713e+00,8.196090350529284807e-01,-6.397898499983900589e-01,7.593528399596760625e-01,2.396730557930150107e-01,-5.743839851309288091e-01,2.495811011817709701e+00,2.215337712885379895e-01,-2.199483233957631345e+00,-4.872502542749975740e-01,8.620412080113413200e-01,-1.490989166648632569e+00,4.422179316791668979e-01,-2.492184996864007518e-01,8.162988654144258671e-01,-1.659353804255621623e-01,-1.278566310001489459e+00,-2.898918696626228142e-01,-1.095006388935348296e+00,1.147295420045771897e+00,-2.672406527491090131e-02,1.248223386130848711e+00,6.388247843364154299e-01,-2.130586723661556547e+00,3.136339115341296058e+00,7.332800418007183740e-01,5.510118291947474489e-01,-2.387824824035474247e+00,4.019687567520864313e-01,2.918660755739633128e+00,-6.559127765225368778e-01,7.422449858071581419e-01,1.952239985015460810e+00,6.553361656096403642e-01,1.519151903913648738e+00,4.935651274803870003e-01,-8.187878267072233873e-01,-1.929388513663966576e-01,2.573066605029219467e+00,-4.148355777514579068e-01,9.344425075864354335e-01,7.731523997088566302e-01,1.187772748027532854e+00,1.365047722831225441e+00,3.047386016143910137e+00,6.996823949849449997e-01,-5.446899272940529668e-01,5.259581807200276460e-01,6.375873449418507644e-01,-1.007125123063207450e+00,-2.124463198125581265e+00,-2.331598119679906045e+00,-3.090639404839266025e-01,-1.339097845252524399e+00,1.340989878682768532e+00,-1.086676328389979407e+00,7.903207763669366503e-01,1.058828931079101032e+00,-1.108286120309905254e+00,5.872168303024888125e+00,2.478134636383852563e+00,-6.225502795857194016e-01
2.548921015076734409e-01,4.685412037226917570e-01,-4.456009072755218736e-01,-2.454685735144734426e+00,8.203247779588815902e-01,3.063472241644993321e-01,-1.896038633223424918e+00,-2.223371858525773903e-01,1.325089594716807317e+00,-4.961209979126233738e-01,1.774246787214757981e-01,1.749851765477916876e+00,2.194775009777776731e+00,-9.934381684992081851e-01,4.334657606121962159e-01,-6.905468399872020102e-01,5.561230405508765795e-01,1.114467987938053906e+00,-2.270886844324643050e+00,-1.795267896411456343e+00,2.945600830689404592e+00,6.090909999462348345e-01,1.036767564643220479e-01,-1.824830081300913953e+00,-1.195402047523087097e+00,9.589708476537855963e-01,1.842887149390300516e+00,-5.047444506006193432e-01,1.668919760365603189e+00,-2.673399275992485169e+00,-1.378087388523977497e+00,1.014882622439896132e+00,-1.705656970371564940e+00,2.214528212641311139e-02,9.241989552697209565e-01,1.352866195484010214e+00,8.428063730421976318e-01,-4.136915880236975429e-01,-8.536697199440963502e-01,2.917373898754096029e+00,-1.545019176097347957e+00,1.526234357522070928e+00,9.952085890258224321e-01,-1.558295138781867539e+00,-3.537320337853877561e-01,5.308176048787953683e+00,9.996902029135039669e-01,5.766246104397811933e-01,-1.037955771569114782e+00,-1.948827900427521520e+00,9.587047528660707085e-01,2.188578119172992498e+00,-4.793312171382813069e-01,-2.977918921289567589e+00,-3.002627179800281709e+00,3.733918918752076710e+00,9.234941901410906873e-01,-2.156531247257851724e+00,-3.633132198033728333e-01,1.395616897846680304e+00,4.733674691733220641e-01,-5.172639119009880826e-01,-6.178582237341656569e-02,-4.584700105983279261e-01,1.627874102516093657e+00,3.166322530189497053e-01,8.542248732039315895e-01,2.378249752900769121e+00,-8.035858285637969001e-01,1.620790195068176009e+00,6.699691203931923411e-02,1.251530971916132495e+00,-1.206167182074792565e+00,2.179207687721655684e-01,1.061705086171198298e+00,4.730993150839696848e-01,2.633534955972483549e-01,-2.348998386874023292e-01,4.511521777967665292e-01,-6.070462539377577960e-01,2.094783487872618477e-01,-1.115848332961426825e+00,4.145474995807095553e+00,2.276523815602782719e+00,2.481947390006097542e+00,-9.460563877471510619e-01,-2.597021300073738104e+00,-6.779726283638308759e-01,2.211902545417085530e+00,-1.604843424537524932e+00,2.608662029707685459e+00,2.082615123638900556e+00,3.548172801374836483e-01,-1.892064828494403939e+00,9.068124273382627276e-01,-4.490495455741877251e+00,-1.517160150428869647e+00,-6.751230508650417628e-01,1.741327354761124380e-01,-2.228467137328927983e+00,1.198957150639905489e+00,2.177146173169926868e+00,3.244721339869331977e-01,2.566602395329071751e+00,-1.416182608540759391e+00,-2.893073039407852765e+00,-3.205781543757358493e-02,1.985119853049000183e+00,-1.164522682860763325e+00,-1.525361284493336633e+00,2.224859316144552235e+00,4.051628434160631897e+00,-8.978167174318038013e-01,-1.308585648621453768e+00,4.487313427337750738e-01,2.395181114120762678e-01,7.732726181247718822e-01,-2.567044543834044568e+00,1.409849076734588813e+00,-1.063682794103283813e+00,2.235424208386620037e+00,-3.649534342410282739e-01,3.624206475010234296e+00,9.842636930858412736e-01,-2.089751061774091312e+00,-1.498456462519518695e+00,-7.282297774006601943e-03,-6.543889624298092345e-02,-2.952122536758862825e+00,-1.018381549958601084e+00,6.315920969184379841e-01,1.189562332897451613e+00,3.003939583148437009e+00,5.422109442082555936e-02,3.939572028541719617e-01,1.979554376714584008e-01,1.408426393754219408e+00,-7.257186696212422072e-01,8.208206360316361305e-01,-3.981953385137588786e-01,-3.073507769168041803e-01,2.783499814684241347e+00,-2.195176994107141955e-01,-1.160621512979439052e+00,-4.412958933546582974e-01,-1.195054335152759828e+00,-1.449389336139730533e+00,3.721532096383679544e-01,-7.321497423617401301e-01,7.048518598232905719e-01,-2.010062100473253288e+00,-1.814342343509903976e+00,2.994272236936673659e-02,-6.765017393302441562e-01,1.844109917538363064e+00,-9.186803994024719255e-01,1.483836009695379321e+00,6.826258373232932941e-01,-2.745910180306706749e+00,3.035650517801289805e+00,1.743331673099800527e-01,8.192552338141492196e-01,-2.048242900935519639e+00,3.830340065013393414e-02,2.793929788980277884e+00,-5.202261990691946503e-01,5.015714654480751822e-01,1.844975102846725168e+00,-2.094035560339433388e-01,1.349330980952855530e+00,-2.690245379686123650e-01,-9.195783416310574498e-01,2.035223336225559787e-01,2.301342690132951230e+00,-3.544240807976325458e-01,1.962475648851205623e+00,4.105304905385405156e-01,6.068989406373899165e-01,5.433866531553167567e-01,2.809731174140839283e+00,1.423519812201559320e+00,-2.595485725132847588e+00,6.658062106615497688e-01,4.224867737628198450e-01,-8.982363755313292619e-02,-1.977886443216694934e+00,-2.358035325060823695e+00,-3.432345608514659752e-01,-1.109366740428721521e+00,9.959611941866294282e-01,2.370860740952124013e-01,1.863712014679527407e+00,1.077453177892622405e+00,-1.446085421458050524e+00,5.424144147191570120e+00,3.204875686807382884e+00,-3.493359446741042817e-01
5.975337967314714449e-01,8.652937887595811839e-01,4.635621734869893595e-01,-2.862200807188469032e+00,8.036420427641566278e-01,-3.941928468260110785e-01,-1.874811694194812306e+00,-1.155460874860683995e-01,9.074296784808839611e-01,-1.956879282343506166e+00,1.301194902951063326e-01,1.382446038560807722e+00,1.794100105404188739e+00,-2.066143547707303962e-02,2.363808550193134739e+00,-4.864362569236929112e-01,-1.353751688500663519e+00,8.561465191787903661e-01,-6.767762646937796056e-01,-2.039259267591546632e+00,2.602025893374936061e+00,1.740914613613006257e+00,2.285456841857796961e-01,-2.515364231920841132e+00,-1.196387394974030016e+00,9.470809296205756622e-01,2.302644028044090518e+00,-7.054631856034124793e-01,1.382085336968470024e+00,-1.571243307308421766e+00,-1.099903449962980950e+00,-4.261056788286734509e-01,-1.085668249573222388e+00,2.568129206840735757e-01,4.828452950353707696e-01,1.438916342462771336e+00,1.210125524399874530e+00,-1.138694163607618215e+00,-1.062125261700308521e+00,6.225672734527012420e-01,-2.674545885088095876e+00,1.126123097688532582e+00,1.665235575532762580e+00,-1.851517638190407267e+00,2.786820968514054919e-01,3.657220505017664713e+00,1.568781057617930907e-01,1.066858301541036891e+00,-5.020602002863062685e-01,-2.643959456045095635e+00,-2.781965322309629812e-02,1.529399040703395274e+00,1.567501444770200425e-01,-3.352148538899152541e+00,-2.469869968052135434e+00,4.524417722067896719e+00,6.373000018638710351e-01,-1.712879598604830855e+00,-1.164628993851043015e+00,1.866509790019003301e+00,-4.307413665000548592e-02,5.312747256160370579e-01,-5.872696663480328483e-02,2.540643800859013757e-01,1.639702055536899516e+00,1.103801032092052603e+00,9.346987952308880576e-01,2.213129835900330189e+00,-4.818924580199622221e-01,1.290659471389123958e+00,1.124191196658385516e+00,1.754988035746890551e-02,-1.104839832803068855e+00,4.636356649031723176e-01,1.799893020604063310e+00,5.115694021543736314e-01,6.899925729451070744e-01,4.441797972540738604e-01,7.337073415689635558e-01,-1.127427076146101603e+00,6.524611699565532330e-01,-7.627373324133391863e-01,3.277168814258800911e+00,8.115262679896907416e-01,1.962528498282781975e+00,-1.758828976743189054e+00,-2.904975444233945936e+00,-8.108868154157058417e-01,8.332541711247974936e-01,-1.071554873705466093e+00,2.180935800048935391e-01,1.854030300859836666e+00,2.720217505118934787e-01,-2.058080535963016544e+00,-1.468250541411701526e+00,-4.412177113319148525e+00,-1.219955797716213874e+00,-6.871678756910997166e-01,-2.963967660151724526e-01,-2.395054171712790225e+00,1.182966300835070150e+00,1.889800794247415983e+00,5.575490992232416954e-01,2.327134387231445167e+00,-2.082649938064660144e+00,-2.636466686308039709e+00,1.768942979294836126e+00,2.041864626162239293e+00,-7.006535343581297148e-01,-1.729390094339499750e+00,1.512639153480035858e+00,3.069892129790663393e+00,-9.160722020985017089e-01,-1.411503516966949423e+00,5.310944733176856669e-01,4.514486958919180504e-01,1.242450164291579728e+00,-7.722055935033239615e-01,1.809081014451474845e+00,-7.803413639147387393e-01,2.273182771630558374e+00,-4.666333846908041205e-01,1.288657271609307209e+00,1.282570910969706546e+00,-2.165588856508406046e+00,4.632837321024351751e-01,1.813832516509010562e+00,-1.588864154464996181e-01,-2.941454929272186547e+00,-5.645154977904844884e-01,-4.800403820563761137e-01,9.213334257121645887e-01,2.081418167224209359e+00,-1.441311481652113313e-01,-1.759764235408639355e+00,-1.470165738242009024e+00,1.250108604603255902e+00,-7.322667910303409800e-01,6.464871702376273621e-01,-4.760059133045591584e-01,1.016688016587601051e-01,2.497410540885542041e+00,5.305586346390084307e-01,-1.781732906928498839e+00,-4.151817912462967275e-01,7.786029831553814562e-01,-1.663673571679630481e+00,7.597222820351086092e-01,-9.175501704935730141e-01,2.655564209585122848e-01,-1.183486713845034177e-01,-2.391337360016125402e+00,-4.696204924824055049e-01,-1.289184134910217550e+00,1.378294702482008915e+00,-1.141910548130365521e+00,1.250994963679867178e+00,5.453851911327680657e-01,-1.746328415285722802e+00,3.601279667955915809e+00,2.308333502482086130e-01,6.948114502783935276e-01,-2.500301047273827404e+00,4.633116182538369321e-01,2.182272991473293455e+00,-6.020588681270107045e-01,8.372539823776740109e-01,1.701758774533024710e+00,-1.340945897374291595e-01,3.730873145940984403e-01,-7.726166436218261380e-01,-1.111240691017383320e+00,-6.234950824818277226e-01,2.583702952085914273e+00,-2.901969559948335275e-01,1.955822595746384618e+00,4.645287028829500064e-01,4.223951254490160290e-01,1.309639384690025610e+00,2.551968071260698245e+00,-3.850921819306405425e-01,3.389965259274589360e-01,7.171342500870429015e-01,1.517603763557786867e-01,2.608754233700007474e-01,-2.002909234835664964e+00,-2.615001150127662211e+00,-3.522289739865006042e-01,4.663494089945236509e-01,1.193604133303722836e+00,-9.848478059007941265e-01,5.168562184771066104e-01,-1.540107340502868460e+00,-2.457921209054491296e+00,4.543457162301332453e+00,2.489133144206541193e+00,-3.476376091678700098e-01
1.413227949808405770e-01,1.002301605563835407e+00,-1.445142205725924445e-02,-2.381712031256536743e+00,8.285325446885748457e-01,-6.043331570297896249e-01,-2.143484615247720715e+00,8.805637870802450820e-03,1.107643301922680790e+00,-2.021174567677216150e+00,-4.148058280997689584e-01,1.982633225237937946e+00,2.298100987719696509e+00,-1.545721889593877629e-01,4.875300646432761953e-01,3.212320792208880338e-01,4.565519167449316740e-01,6.802763980804364952e-01,-1.077704187437555028e+00,-1.406531434994228613e+00,2.131624297818212277e+00,2.788010828160579213e-01,1.053190283198192523e+00,-9.954721993085763332e-02,-1.803007130537531477e+00,1.182329359860188500e+00,4.189675999593116540e-01,-6.800856485151669517e-01,1.772096046204869157e+00,-2.360651639401104340e+00,-8.483374243584573815e-01,-1.117548358986598239e-01,-1.568887745481977403e+00,1.766804757250734159e+00,6.190653030531372281e-01,9.489587392749707639e-01,9.785847251304968797e-01,-9.425644563775595897e-01,-1.316207004575727646e-01,2.526497741730294511e+00,-2.474689395870239839e+00,1.636319231162832288e+00,1.282762599142317050e+00,-1.870501812521472074e+00,1.528395567038620007e+00,4.731558846950488117e+00,1.071913703915593041e+00,1.256976074954279321e+00,-1.500066128661693643e+00,-1.729606117021416756e+00,-1.176574107249892531e-01,2.418751989938083824e+00,-9.349607883912346429e-01,-3.793301204815803462e+00,-2.969272532839885681e+00,4.654702034553287682e+00,8.838562766413085026e-01,2.710987408530626808e-01,-6.541954884121493619e-01,9.924384998744411046e-01,-5.158420540043345826e-01,-5.393353724334620791e-01,1.392597053680239005e+00,-6.995039870081566358e-01,1.648255249432428959e+00,7.911780667694581215e-01,1.656502726179472362e-01,2.543206513546538705e+00,-8.218674363543576611e-01,1.265041300739159658e+00,1.255624869583779279e+00,1.910182382363418307e+00,-1.259359243054604116e+00,4.103105722878472861e-01,1.107440993346515690e-01,2.908305086850534238e+00,7.091624312481804582e-01,-1.914337470698306065e+00,5.861383356579620285e-01,-1.095990007532903210e+00,-4.821221151334596500e-01,-1.198604646404395346e+00,4.222230931197656467e+00,2.326878872582903490e+00,2.916091646276107507e+00,-1.763236822140453297e+00,-1.030034768541480794e+00,-1.322831755043510471e+00,1.252492495900378477e+00,3.469945074454873213e-01,3.805364167918061202e+00,1.875781928288155598e+00,5.589709261049486955e-01,-2.022243327885286490e+00,2.158522835868900702e-01,-4.807475696074103411e+00,-1.464862599687881461e+00,-3.876717656049633587e-01,-5.357635368705858658e-01,-2.211179860176869738e+00,2.879554718994436158e+00,1.875766599556042857e+00,1.605339849630402216e-01,2.771279746717139947e+00,-2.502629401217453697e+00,-1.924755672636687676e+00,1.118724672101249151e+00,1.260194519183350792e+00,-2.256138865948450256e+00,-1.111369620378749978e+00,1.858378260537539850e+00,2.895578672524202091e+00,-5.725985008795868580e-01,-1.186745140886099170e+00,4.178422753833981040e-02,1.686034393629244343e-01,1.748812374792381386e+00,8.534339410282041349e-01,1.742803407165443907e+00,-9.772367973754266801e-01,-1.604764487779680726e-01,-1.757416897326025129e+00,1.319279205342807515e+00,1.480545476260825222e+00,-2.292184967453204436e+00,-1.092376694753393190e-01,5.377673445658038842e-01,4.765820438137363668e-01,-2.846898960451848204e+00,-7.191533861750474266e-01,2.307392472483129620e-01,1.379423563212081261e+00,2.238508459359176417e+00,-5.879891147251566919e-01,7.095266108850354358e-01,-1.120568115691938510e-01,1.543833444908749630e+00,-8.392751216611771259e-01,2.617802789085922899e-01,-2.564592350451561087e-01,2.657655133069658504e-01,3.156183590020371188e+00,-5.715487962302694125e-02,-3.220395120777775233e+00,-8.036349525401870197e-01,-8.313825791891559236e-01,-2.549481456970026372e+00,5.303307387959718122e-01,-7.796129620415324091e-01,7.274806150921822034e-01,-8.898570211613188174e-02,-2.070687921269563248e+00,7.046882764959749856e-02,-1.447729998789240247e+00,1.124530136016415049e+00,-8.522990331131232722e-01,1.795133238744844872e+00,1.676668982749923043e+00,-1.958460339131782746e+00,3.375453326782822394e+00,-6.842948173607403817e-01,1.693970068362198989e+00,-2.181986168463167175e+00,4.527546521974412652e-02,2.237777699815344246e+00,4.274993700510146821e-01,1.283391345279985440e+00,1.461099193941173047e+00,-2.781710203119329705e-01,1.789323926662901521e+00,2.698595244820158334e-01,-9.480846162956755308e-01,-6.067777019749535095e-01,3.490218231324433873e+00,-2.504085828740710840e-01,2.340511506534642905e+00,3.101952844150395183e-01,1.162256603848108583e+00,1.569544872843420480e+00,2.715038687611758483e+00,1.721810046383961845e+00,-6.753558658974518902e-01,-1.236108389899982785e-02,4.911470376196036547e-01,-6.865011940580973970e-01,-9.629715609532760734e-01,-3.135592004147231382e+00,-2.453879613926379377e-01,-9.078189500700655223e-01,7.095945195885828838e-01,-8.711033306708680923e-01,1.171107801882958377e+00,1.307092192661906793e+00,-1.605990690049390102e+00,5.274694075579422936e+00,1.939401132339905187e+00,-1.047933050849788605e-01
6.989707493238392355e-02,4.632735110498603648e-01,3.395888435184457599e-02,-2.153489083790564251e+00,1.098808124568998679e+00,-3.578709798757433447e-01,-9.554604166753128958e-01,-4.102956205111808474e-01,8.196296806326489603e-01,-5.131203949014980781e-01,5.695637887709502356e-02,1.803332365227860778e+00,2.149784914561652549e+00,-2.135323996610268282e-01,-1.616852041695801545e-02,5.482945453837546890e-02,3.881762949628227988e-01,1.445138849395034786e+00,-6.697940997710547517e-01,-2.130886949694823507e+00,2.245370603070792725e+00,8.192802533576322155e-01,1.449290110402308152e+00,-1.772549868110775417e+00,1.494662790716546397e+00,1.403590934043831950e+00,2.922015190938007656e+00,-2.794504874631263958e-01,1.519484372401497252e+00,-2.113578337010119323e+00,-1.570756500735264627e+00,1.389970060555903997e+00,-1.048591825866582949e+00,2.998158652348739128e-01,1.572764898452809756e+00,9.727907422889680022e-01,3.663618934527751447e-01,-1.373156405093002075e+00,-5.770347734864401668e-01,3.711008765897426120e-01,-5.260923125386609556e-01,1.120639188409357390e+00,7.159263895299218250e-01,-1.919957778917176894e+00,4.295641830516082060e-01,4.413358879680159497e+00,1.028039402959750825e+00,1.302534381523889451e+00,-1.699142284828943028e+00,-8.959507590419412137e-01,3.253603362854136094e-01,1.931733405728512487e+00,-3.623945595977584588e-01,-3.193931609890074963e+00,-3.114681529162116824e+00,3.240240746696139595e+00,-6.009528790486653449e-01,-1.951082885390649668e+00,-4.275383014054670028e-01,1.080277336382640785e+00,-2.492826314734102877e-01,-1.142258852868503816e+00,1.666257586664400936e+00,-1.313377599111388294e+00,2.758771253710616822e+00,1.264226238965873605e+00,-6.719026674882742078e-01,1.506811283923482181e+00,2.051820399029349873e-01,7.148174109274907373e-01,-3.525607274338901087e-01,3.328153244075812700e-02,-1.353911376292803892e+00,7.945821518704514475e-01,7.749672003058083458e-02,2.434715252996355161e+00,1.808776543844340612e+00,-6.246548402761439855e-02,7.221084403601238377e-02,-1.003622943383935873e+00,-2.194730895191873699e-02,-6.170521986624639688e-01,3.545524882676103218e+00,2.582303086738229503e+00,1.407515891507016059e+00,-1.547019985408318643e+00,-2.841599905962583605e+00,-3.093793986853341504e-01,7.404662422360317464e-01,-1.463479397147356975e+00,3.070230105498548578e+00,1.441435960555011775e+00,6.162332844000681931e-01,-1.718953700550382990e+00,9.800402662557927691e-01,-4.351487641515564775e+00,-2.166650200494640632e+00,-9.601351857862037154e-01,-4.819105004108534818e-01,-2.809832699815611345e+00,2.921784544455821475e+00,2.593938025857186469e-01,6.263180903349918616e-01,2.489266054960641128e+00,-1.820263566015746459e+00,-2.291605710451148692e+00,-2.200831155668183658e-01,-3.538936478365934946e-01,-1.180790155513062656e+00,-1.446763822273703148e+00,1.868835972216603025e+00,2.051611408013386484e+00,-1.628166291335913174e+00,-2.858640937960926776e-02,-2.756157877286790070e-01,3.795218588388719616e-01,1.039084628960724288e+00,7.480069164541132132e-01,-3.206483608436297983e-01,-6.573591751771177272e-01,-7.274892326965425315e-01,-1.116052844743084194e+00,1.741329973794840003e+00,1.592449732171228316e+00,-3.625849499108668272e+00,1.663026622088858431e-01,1.632112849135408883e+00,4.746040839165277525e-02,-3.272557372548254406e+00,-4.904980617004682797e-01,-3.683543303094911903e-02,4.965500243082594523e-01,2.192741937948253561e+00,-1.502096978774942193e-01,8.375404260830803249e-01,-1.826651050689449551e+00,9.112902516465920533e-01,-4.002198642129323192e-01,-9.038771909490225243e-01,-2.303689815915542505e-01,3.207604453159044189e-01,2.243870361248184508e+00,3.231657192336310214e-01,-2.237254019512861625e+00,-8.694541871845582470e-01,-1.015791106612968786e+00,-1.817798551773271321e+00,6.739370340298559414e-01,-2.505270082405426368e+00,1.132868172490929748e+00,-2.287604503122951383e-01,-2.264333966153160294e+00,-4.396151286328520702e-01,-1.461511099033557248e-01,3.565834408591075810e+00,-9.341672612505240725e-01,1.972540299313513046e+00,1.148081786834158624e+00,-1.896262426597336459e+00,3.625662271563894201e+00,-5.220007485821390736e-01,2.050902585955482138e+00,-2.342240293845639254e+00,5.565439664025479960e-01,2.559079022105084977e+00,6.272312361635461464e-01,9.470151514587493713e-02,1.761211280883729913e+00,3.658505276251668437e-01,2.006460557129339239e+00,-2.994087176101173364e-01,-6.668789501823045862e-01,-1.555607941992553089e-01,2.382894063940130369e+00,-2.406890178251082923e-01,2.310758142422484784e+00,1.034896466822154748e+00,2.961162275832243118e-01,3.280350451217896035e-01,4.200631244377221463e-01,1.816599747468553572e+00,-9.352567794875299434e-01,-4.910986039553582039e-01,1.109928196758376284e+00,1.503835173809850156e-01,-7.479509323426039025e-01,-2.630543416622206809e+00,-4.603455820253501418e-01,-7.907885273707099261e-01,-5.371685420514160647e-01,-9.841091280249527617e-01,1.434806955418094443e+00,1.456097986637487685e+00,-2.430783655126713683e+00,4.837299561993154917e+00,1.381648316187428893e+00,4.847774815596032558e-03
3.561301057950994053e-01,1.961728643575721409e-01,2.371357518120756347e-01,-2.826737126089478913e+00,9.366014422546372620e-01,-2.749444285835364599e-01,-1.192736355299338857e+00,-3.289437580897527913e-02,7.513184304343739628e-01,-2.122189865678985932e+00,-9.904390466300250218e-02,1.836106059286661374e+00,1.795183500866873283e+00,-7.669691139081590281e-01,2.396860661640808132e+00,-1.380670910698430731e+00,-7.568914424020473097e-01,1.573398948094737460e+00,-3.851372653755357200e-01,-1.425777819126995416e-01,2.608951923659411420e+00,1.135122741753512132e+00,1.439472747352115833e+00,-1.901129443986936396e+00,-1.402967722611402568e+00,1.244630445642580074e+00,2.781485590731512580e+00,-1.574831323823617790e-01,2.551746262180036418e+00,-6.927637270222404275e-01,-1.133587242421480124e+00,2.861321321351311120e-01,-1.911463154950125531e+00,4.304166345153653261e-01,5.851685614695528725e-01,8.465062975193573536e-01,1.083344497464104883e+00,-1.326589773708036102e+00,-5.809541529419638417e-01,1.939159175604834306e+00,-2.300273733661269304e+00,9.745898333040021733e-01,1.205993398542233086e+00,-2.195156112630915146e+00,1.241760070203329569e+00,4.553629645071721299e+00,1.999767767382977235e+00,1.339059496493574253e+00,-1.148269683507755712e+00,-1.042551602566593294e+00,1.295187553153715809e+00,1.816520280388993935e+00,-9.186413542347215966e-01,-3.228068206844048937e+00,-2.861837955603352857e+00,3.948806581281375738e+00,-5.919910659473688330e-01,-1.088342075646831830e+00,-6.558364957450505406e-01,1.424329420503900545e+00,-2.304207411789036264e-01,-5.126336579042659602e-01,1.631429722163193041e+00,6.609960155197682763e-01,1.131559953823822351e+00,8.896076903654915879e-01,-1.556523888836977898e+00,1.985835316722137200e+00,3.701086038308233350e-01,1.665892130731248644e+00,-3.088924333475251416e-01,2.398622864148222955e-01,-1.236480892120295660e+00,9.250924512954328272e-01,1.552850937304692813e+00,5.071188255150880231e-01,1.311919402165176773e+00,1.118017270937398999e+00,-1.850058348983443235e-01,-9.477536385389651041e-01,-4.084997784999241377e-01,-5.206909483015683682e-01,3.625340856427331282e+00,2.201588210575932347e+00,1.596495259193378979e+00,-1.199890994464633431e+00,-9.166563518024624102e-01,-8.501384578879408460e-01,1.402001088953362062e+00,-1.985831398119444646e+00,3.147470724573036005e+00,1.516660338701305122e+00,5.041141670132812669e-01,-1.626019966796744765e+00,8.034832026417447759e-01,-1.789850911322685256e+00,3.677497707915376446e-01,-1.079478926335746714e+00,6.892173131177901091e-01,-1.904431035736276812e+00,3.436321049066586752e+00,-4.206458732001235878e-01,4.264010622918860682e-01,2.832192359714012841e+00,-2.092591292427881555e+00,-2.581856164748957738e+00,1.422871640965618356e+00,1.937813578628851952e+00,-1.167025943266986943e+00,-6.964224041351849692e-01,1.592243179235976580e+00,3.276833172774539005e+00,-1.423826996958986957e+00,-4.482203392572417511e-02,-3.438223430988517348e-01,3.154578385903325510e-02,1.090094004553670226e+00,9.912852845221789000e-01,1.137871042569442048e+00,-8.160858216151514188e-01,-4.344767267480091344e-01,-1.000834970183082540e+00,2.068118829377735501e+00,1.734500353226202662e+00,-3.709620790780746358e+00,-2.165591850516140671e+00,1.405490756777807437e+00,-6.262269146291959965e-01,-3.453900065386910967e+00,5.665067498031858273e-01,3.623353431910261158e-01,-6.325601623399441931e-02,2.973596618944801762e+00,4.926730485583556973e-01,1.311186518314847893e+00,-1.575122413601296234e+00,1.298982992475176568e+00,-6.742214652392739538e-01,2.365935095960773060e-01,-2.665537870144648047e-01,-2.077912281857198229e-01,3.048694312475968893e+00,-2.582619483186364695e-01,-2.176004243878958189e+00,-7.421456757203112042e-01,-1.531909633052004782e+00,-1.168821617032242299e+00,7.227867696826361099e-01,-1.365553335765584020e+00,1.173385561858136361e+00,-2.344207073779291939e+00,-2.283268811078980498e+00,-4.459148883386597761e-01,-4.426198906968212832e-01,3.780747099561909685e+00,-9.709951267315747314e-01,2.017925197842604046e+00,1.127487300317132624e+00,-1.968314377540718585e+00,3.618503908916361311e+00,2.831378722606398002e-01,2.003840709845824186e+00,-2.077060336058028422e+00,-2.444817373753928325e-02,1.622432847320283367e+00,-3.598978297146820937e-01,1.354257075422950374e+00,1.651437248929423118e+00,8.657236276481676818e-01,1.493795702085760180e+00,3.448027425686553959e-01,-2.425222808497294325e-01,2.869856232927214812e-01,3.421569196757145548e+00,-2.597951492435678911e-01,2.205109784087553315e+00,3.200399523251295508e-01,2.228395106246623958e-01,2.287780394639072346e-01,3.361056047846113337e+00,2.043555512491718407e+00,-3.471283462308912271e-01,-2.153228690301066117e-01,5.045851347851699753e-01,-1.241044592626652926e-01,-6.560245988588290222e-01,-3.053536556970675164e+00,-3.483131687272827959e-01,5.370606152843214742e-01,-6.461607888085258988e-01,-8.142016971671274250e-01,1.098295377541128381e+00,1.372956110169301081e+00,-2.302578070289833079e+00,5.455423551349086075e+00,1.190277347609046688e+00,2.466203681817502949e-02
2.150490044095283437e-01,4.621936572191884807e-01,7.343265527044526841e-01,-2.327389823060838747e+00,9.844208365461364352e-01,-4.407559359422630330e-01,-2.229493018621003575e+00,7.697004476388105698e-02,2.118669924230045076e+00,-1.312481096440358819e+00,1.165839338301926376e-01,1.944800600096123322e+00,2.537073174902912509e+00,1.503143739694545178e-01,1.834436419393222995e+00,-8.559861943641213777e-01,5.874707497379989540e-01,7.928174927674416228e-01,-1.539988027174681084e+00,-1.716888454982630874e+00,2.734984044118752511e+00,1.256078013150125905e+00,1.408400676659494755e+00,-1.954736567556356608e+00,-1.811214432357705295e+00,1.245159496855561043e+00,2.480700298889321476e-01,-4.278751506588885506e-02,2.007459773799373348e+00,-5.303011873996363867e-01,-1.314332184298976802e+00,5.462545734674364439e-01,-1.942153019852519424e+00,-4.895478386735918619e-02,1.627347796695316040e+00,2.490645701681475366e+00,9.826159818662252299e-01,-1.126423311692655860e+00,-4.615290278845032290e-01,4.388700121049775027e-01,-2.003147364610576187e+00,1.630206231006736894e+00,9.969766977879515046e-01,-1.976004205462635666e+00,1.355757272590449203e+00,4.678498972537234124e+00,9.680624525583410023e-01,-2.792862640627969406e-01,-1.515954172487369522e+00,-1.766279198203089873e+00,1.300957831417273614e+00,2.332094797355833027e+00,-4.116801539726188675e-01,-3.476725183024872212e+00,-2.930368342627991396e+00,4.341242754751704069e+00,7.544227556708639204e-01,-1.850373420668781410e+00,-6.600299911097939898e-01,1.852288812486968528e+00,-6.174472867372295948e-01,-2.155070808986773723e-01,-2.787946599658683855e-01,-3.523800569686481587e-01,1.835056396018690084e+00,9.494264068321294214e-01,-6.056598496535204879e-01,2.590692958488032716e+00,1.257210990335915657e+00,1.155867208248025912e+00,1.213112917208869712e+00,6.313929489038295761e-01,-6.123316304510694197e-01,6.308466595897792573e-01,9.539005697209781975e-02,2.564943304547476988e+00,5.211256761844457186e-01,1.564040842865755510e+00,7.356872533069785947e-01,-1.154822159605002563e+00,-3.097481908781564708e-01,-9.098876601443851575e-01,3.422662756419150298e+00,2.717804213055242890e+00,3.329614719173071169e+00,-1.471185169382159152e+00,-1.126622599990297235e+00,-1.040780613368641028e+00,1.305971784603878305e+00,5.263702367311380304e-01,2.518206152856433899e+00,1.518133030246815895e+00,7.663511115001685470e-01,-2.105294162397767899e+00,-1.853248247999778053e+00,-4.388147489921012223e+00,-2.115807283767516811e+00,-8.764237349716097469e-01,1.488630447313069372e+00,-2.286952318041167054e+00,1.750124772831021636e+00,2.477581738020734559e+00,1.569001343391881464e-01,2.285289915418200479e+00,-8.017131641503317807e-01,-2.227029119352706754e+00,1.639900333720323955e+00,1.313847826636799443e+00,-2.094558773187239265e+00,-9.090600534924159204e-01,2.419825368978867797e+00,3.063875310040944377e+00,-1.799076008290209083e+00,2.793348098131680224e-02,6.498524440670623292e-01,-1.579777620671320854e-02,1.626904424373557090e+00,1.054242054554401342e+00,2.286967478885637117e+00,-7.700009164961554298e-01,-3.990545904999024396e-01,-9.367055723472118567e-01,3.965675036927723163e+00,1.034150889831084497e+00,-2.462813884474801984e+00,2.638811580046068750e-01,9.667393032122943985e-01,4.222995935032201054e-01,-3.049094216603012608e+00,-1.244022148775908720e-01,-6.129462147403337280e-01,9.496334138925877077e-02,3.170138583239447527e+00,-1.303026360089811320e+00,-1.432272596255365960e+00,-1.401514555066668111e+00,1.465309966562864163e+00,2.495594417252844088e-01,1.121607844628660366e+00,-3.440201672744562233e-01,1.364633571989191108e-01,2.910220562966163271e+00,1.565346814343109016e-02,-2.389465348384618437e+00,-6.098641405255984527e-01,-1.264222111737934862e+00,-2.522427817329234490e+00,-2.615451921745927111e-01,-5.162783466524845100e-01,3.324205090118202977e-01,-1.290037817483834504e-01,-2.025200411353389018e+00,-3.384587261829759275e-02,-1.287708383723489503e+00,3.733406958500979478e+00,-1.099944319353730049e-01,1.868482195488780029e+00,1.910357371006752958e+00,-2.960717422468789550e+00,3.678957290980117367e+00,-1.010795782393514974e+00,1.745202187623352996e+00,-2.149236125560082034e+00,-4.087521472807024159e-01,2.387747612258319219e+00,-8.065370428303609840e-01,6.926369741263478375e-01,1.899509076871261470e+00,5.176919651638939301e-03,1.605438087998079633e+00,1.154248899932695860e+00,-7.943777541151226806e-01,-8.683065317463798394e-01,2.649075389450116447e+00,2.058566341037557923e-01,2.175210199899724195e+00,6.809683215956975344e-01,4.925610732009906290e-01,1.034515954510011604e-01,3.051567845780490451e+00,6.425857368752991849e-01,-8.069256614116405713e-01,1.627361764949006584e-01,4.810140320417955473e-01,-8.013337946141075863e-01,-1.694351516000357494e+00,-2.051518718570105371e+00,-1.534866943834640285e+00,-1.993620508774408995e+00,7.584724476665782866e-01,-6.636021245284702275e-01,6.547788796514348864e-01,6.464270815744421750e-01,-1.215435259371743237e+00,5.217293145412665645e+00,3.042921520501362664e+00,5.240386743707031725e-02
4.073183042664275666e-01,3.289219237768214454e-01,7.478034289558926906e-01,-3.030098640482300265e+00,9.319196651740706550e-01,-7.731379316455456729e-01,-1.752189984554268554e+00,-4.497205055122210360e-01,1.270904450092035010e+00,-6.472776328729672457e-01,-2.725712425361210278e-01,2.100695200763656345e+00,3.215515661807581527e+00,1.119597692583365750e-01,2.268183251508349318e+00,-1.351586731629939031e+00,-1.188736861368773878e+00,9.431386132925775323e-01,-9.165092112480723863e-01,-1.702824507969065371e+00,2.154372925167965303e+00,9.124452254861664668e-01,-3.080328680439028965e-02,-1.691878388097910468e+00,1.672091540796863729e+00,1.064264334163006476e+00,2.627164761372939861e+00,9.514681637264027492e-01,1.320923245515732924e+00,-1.838268193197857281e+00,-2.579586329248537258e+00,1.090731465046506088e+00,-1.762498541179267075e+00,1.631089695636190662e+00,2.956292117625504146e-01,2.513594211916299059e+00,1.054191866696000957e-01,-1.372105877022077980e+00,-5.931356764967179451e-01,8.333186506267111771e-01,-2.218589658840785184e+00,1.729715924746726419e+00,1.277433078034869274e+00,-1.877418535888577766e+00,1.144066106717873899e+00,3.629260277591769945e+00,3.609362193307497635e-01,5.224501604845606106e-01,-3.935528309978392758e-01,-1.708824355404676920e+00,3.669790706305550709e-02,2.340210389591732554e+00,-4.227942662201473745e-01,-3.018802733203911792e+00,-3.028426269104265600e+00,4.817950250194908079e+00,-1.098849774621329933e+00,-1.563324701413071116e+00,-1.155643383844273814e-01,1.297701949556216316e+00,-5.701707955208930034e-01,-8.683942008137828239e-01,3.332384824139537627e-01,2.613339188104520372e-01,1.665288929173151189e+00,1.074025569439378103e+00,-8.752142619504187371e-01,2.337152879863233501e+00,-7.221431818370389610e-01,9.742860030893606416e-01,4.773674561590517951e-01,1.381394395764730776e+00,-3.590873424367245215e-01,1.028434913211698776e+00,3.747034832397094090e-02,3.624747613041218730e-01,2.599913318800358031e+00,3.172476379268279745e-02,5.002215786900851557e-02,-8.054529321877683667e-01,7.216089687214631843e-01,-1.094157796061317800e+00,3.631141472078588173e+00,2.358173501618616719e+00,2.429219977207604853e+00,-8.119300560380572351e-01,-3.081003461028300805e+00,-4.881483711661525060e-01,7.782980428365112724e-01,-1.369345998800761688e+00,3.056839029467330882e+00,1.751680714359647340e+00,4.160379392206451921e-01,-2.107377883676722519e+00,7.827061612814668612e-01,-4.174788044327518932e+00,-9.600732493561353609e-01,-6.012423849068192494e-01,-4.057156763102096608e-01,-1.612688779426387997e+00,3.806528159911807929e+00,2.715034143449394088e-01,3.524323363369208928e-01,2.286943235616722081e+00,-1.026694572654109017e+00,-1.516997914857788121e+00,-1.013561981526471395e-01,1.822795957591765825e+00,-2.353157867806932035e+00,2.541756080858655342e-01,1.496451024499507731e+00,3.842004568183864155e+00,-1.463647738522954933e+00,-1.081104917552023315e+00,7.707298606813981490e-01,4.197496397090322295e-01,1.704571188208173105e+00,1.100779697025694670e+00,2.310965351395640077e+00,-1.138728044253154437e+00,2.479643275795564428e+00,-1.595982012018065221e+00,8.950826085522989306e-01,8.367762797304395539e-01,-2.349101923712939577e+00,-1.770091008374452102e+00,2.139109797989673378e-01,4.301286762283699217e-01,-3.171383750032519711e+00,-3.334567758725232034e-01,-5.281300496650863652e-01,1.703047551849588226e+00,1.710123924295310349e+00,5.719150045044195663e-01,-1.553854362837746805e+00,3.263055460729533119e-02,1.200008172737605072e+00,1.004593893323451476e-01,-6.436596356727610768e-01,1.427610349979476223e-01,-6.620939085497667964e-02,2.808100386946267513e+00,3.043749692463609824e-01,-3.031077679614396114e+00,-5.316596198348750857e-01,-1.182957772585451206e+00,-2.148464980574249505e+00,2.481523754406290694e-01,-8.357891407999511468e-01,7.526009609836201708e-01,1.027050291417925809e-01,-1.296771197099177320e+00,4.885337812775497057e-01,-8.703645012171679074e-01,1.626605073819626934e+00,-9.004709613827233117e-01,1.198643695635891460e+00,1.280362899418088674e+00,-1.944915140685476551e+00,3.134903938532522361e+00,-8.217933363283523585e-02,6.853491329604364246e-01,-2.932964384307926498e+00,-2.797993622420334447e-01,2.723366670189252048e+00,-3.022827223273121811e-01,7.544854096769466612e-01,4.477348139958182704e-01,-2.565645919779611095e-01,1.363196314793713726e-01,-6.110973640910449811e-01,-9.995100557802918395e-01,-5.388934425543769891e-01,2.968133910513754969e+00,5.023285431441916193e-01,2.175318588943288223e+00,8.188509482759931402e-01,-4.417344280649807692e-02,6.086665544153619933e-01,3.200792730503138284e+00,3.896723464260322123e-01,3.261868257163588747e-01,7.727174076433002137e-03,5.557019769842558299e-01,5.176931076839307311e-01,-1.124433782728554210e+00,-2.819361101761378663e+00,-2.401491144455707993e-01,-7.587894296627386570e-01,1.033955821733099301e+00,-3.893932204426033272e-01,7.671799598286419553e-01,-1.069735301198762589e-01,-1.333459480710817768e+00,5.301419650704694675e+00,2.108086692807044304e+00,5.522155557373931156e-02
1.280487389927117692e-01,5.968326600435023277e-01,3.777753542788540031e-01,-2.644481075889198785e+00,9.383341669279952058e-01,-1.228054184804569848e+00,-8.925091015612673928e-01,9.094393569294498270e-02,1.115421360595671763e+00,-2.090156274434486594e+00,-1.445357503358996876e-01,1.535507854042033049e+00,2.279938420614024963e+00,-1.653126650288291533e+00,5.546552918301592139e-02,7.711664244896798692e-02,4.157495853047361578e-01,2.027375899277397586e+00,8.170871731793689918e-02,-1.626680679076423885e+00,1.844551942321243088e+00,6.484968212983225344e-01,-7.643941141563415087e-03,-1.301540963274371299e+00,-1.232813280937489431e+00,9.653268254332377785e-01,2.648385904730888196e+00,-2.110307726392691430e-01,1.947148417037745993e+00,-2.250205330496382494e+00,-2.190657046418896581e+00,2.815008573347075882e-01,-1.001531196605891516e+00,1.231272912840733619e-01,5.766939823343524285e-01,2.249649327190573533e+00,-1.084650449138563622e-01,-1.100954764059886237e+00,-2.485628130992563189e-01,5.280517790546044310e-01,-3.696658465963573725e-01,1.645652729334869946e+00,9.432677826124674647e-01,-2.026962049219304340e+00,1.679516731426127452e+00,5.071789091855599452e+00,4.768053694641478102e-01,1.158547188552754736e+00,-1.465487070808789261e+00,-1.860644090961909747e+00,1.104888411825527550e+00,1.900311946506947569e+00,-2.540716647560795072e-01,-2.774559382121177809e+00,-2.746910134237166012e+00,3.777244785400202254e+00,-3.085584717052336501e-02,-1.832009410582570830e+00,-2.316907735127547774e+00,2.368030807228383772e+00,3.258879845833634881e-01,-5.339993043164462660e-01,-3.150009258384893485e-02,-1.567721231281387961e+00,2.190401933860249173e+00,1.763849401017856033e+00,4.234109924888929122e-01,1.603893174229372942e+00,-9.640174285321305714e-01,8.775754946728127059e-01,1.048765603886839815e-01,2.132405603951026407e+00,-5.771799836253971305e-01,7.470381189834596203e-01,-8.255677198324655464e-02,8.926336498864089197e-01,2.658218566088978996e+00,9.280922920139392795e-01,-3.855751083566494875e-01,-1.185426955415830985e+00,5.331074601524071754e-03,-1.372296899189196395e+00,3.920260385766991540e+00,1.879623299676888015e+00,3.285146887211030098e+00,1.161522507564346052e+00,-1.386838016003437035e+00,-3.465986441037030574e-01,8.523667949490603135e-01,2.737501043543515977e-01,2.920715172423972383e+00,1.512752521495775770e+00,5.968783101761574450e-01,-2.256659968013007944e+00,8.690076541270393973e-01,-4.320881817232395505e+00,-2.116689135988562676e+00,-1.564404153106482953e+00,-3.044409587538758899e-01,-2.101063649156945434e+00,1.665513365530944201e+00,2.159558583932751130e+00,7.153841634673424599e-02,2.458075590056376214e+00,-1.654531717859820672e+00,-2.630653325934386277e+00,-2.775219752123026518e-01,3.361348684515282764e-02,-9.439384820549225896e-01,-1.067544843816548905e+00,1.615469718389530129e+00,3.405748810768877810e+00,-7.125996837018211405e-01,-1.162566557259814948e+00,5.858927876965900339e-01,4.380496276590271076e-01,1.161632371578754652e+00,1.360876541640811066e+00,1.456062949302241005e+00,-5.428295543790068178e-01,-7.656329850520294800e-01,-1.854275198115389101e+00,8.307182221816117318e-01,1.136952159362762727e+00,-3.449729785231296475e+00,2.985287786404305921e-01,5.665672347195838121e-01,2.544698523102383869e-01,-3.566045108830078636e+00,-8.758349757940101510e-01,2.147736982811830342e-01,3.914724025413123809e-01,2.106859050194561878e+00,2.345598613516271247e-02,-1.566334408809325618e+00,-2.020430063341926430e-01,1.009169286428375445e+00,-3.948265498152720432e-01,-9.288722820036788841e-01,1.356608894826308587e-01,2.288701527001462677e-01,2.069318107016071551e+00,2.990198192856181048e-01,-3.297800387473623474e+00,1.044242877135016068e+00,-9.190833675651760570e-01,-1.945891903615972973e+00,5.954110558349963167e-01,-1.088167631777188893e+00,6.068554377740119632e-01,-3.619169448283491852e-01,-2.167561086326960762e+00,4.750202684224432703e-01,-2.443793921692680282e+00,9.427040110345191737e-01,-7.238697165910497056e-01,8.018819846243714355e-01,1.482471952069252641e+00,-2.249584415740289778e+00,3.168479265668590728e+00,-9.071868787760820618e-01,2.144621057607507097e+00,-2.324158574089398410e+00,-3.425064951825267379e-01,2.743787444852481716e+00,3.852740827982492622e-01,6.578810458778387993e-01,2.116750924569124059e+00,4.700997914259505972e-01,1.524080619411247284e+00,-8.798463151973692220e-01,-6.991747253569694509e-01,2.468700035452534858e-01,3.022250022316748552e+00,-2.549593289288443199e-01,1.958159880417851051e+00,1.048107861549456787e+00,9.360437566605039894e-01,3.245803410415569745e-01,2.945175576425921982e+00,1.464000400087315690e+00,-3.570435394038894428e-01,-2.830170078961110058e-01,1.486490902386137014e+00,3.464759803629881008e-01,-5.666347642198172885e-01,-2.439092408708069648e+00,-1.709438367362584588e-01,-1.327185132256025080e+00,1.428354319764987945e+00,-6.003672959203740778e-01,5.610504622077749914e-01,1.234582765837785256e+00,-1.923832323699587121e+00,4.924023099508390899e+00,2.433252616962388704e+00,1.248482159361387067e-01
3.946462706510442398e-02,6.533667320371754350e-01,3.862833598755356923e-01,-2.552333953607489381e+00,1.191261138039123813e+00,-7.064992228221548265e-01,-2.046345127603127700e+00,1.765847838554177596e-01,2.003156668834815246e+00,-2.041098251930870244e+00,-1.567238317450836971e-01,9.875241740952647174e-01,2.027743093306706879e+00,8.956028044937791588e-02,4.787626382784437862e-01,1.273212412819670347e-01,8.718077320305270272e-02,1.374022844742458727e+00,-1.019562542412198125e+00,-2.239914324548335500e+00,2.290662232521469832e+00,3.467779028968039912e-01,1.131877127114653048e+00,-1.740506153124775413e+00,2.058355775725890791e+00,1.247486449317061430e+00,2.629164327019577474e+00,-2.299187078749236890e-01,2.372587717148698427e+00,-1.816585631844838122e+00,-7.373398013076003510e-01,-9.011662105873483597e-01,-1.059155028817580835e+00,1.184833908460258156e+00,5.530838618430258258e-01,1.289532154926540164e+00,1.077770185736405484e+00,-1.386720449197836436e+00,-6.918969018839068452e-01,2.660818322745622577e+00,-1.625296642541886216e+00,1.628521860798983978e+00,1.219967274474857533e+00,-1.779885377066455110e+00,9.682368632299761524e-01,3.642559112975067848e+00,1.073271858727920636e+00,-3.586332765649886678e-01,-7.072226353670358900e-01,-2.069532657068889669e+00,1.300214093504638235e+00,2.306070758858720815e+00,-2.361783749004574773e+00,-2.989061396460586106e+00,-2.845304029070323537e+00,4.439637320447369362e+00,-3.170433694163227734e-01,-7.610756822833167901e-01,-9.650302410914346485e-01,1.095190216007084771e+00,-5.277142138303714258e-01,-7.334862442252090275e-01,1.480483509280884569e+00,3.616238921360779290e-01,2.102865696760848557e+00,1.036559543167898889e+00,-5.801839020387125068e-01,1.976733783402740308e+00,5.580742657809769636e-01,8.836563107994893640e-01,9.062322071652332278e-01,2.032906349608275764e+00,-1.097348701776726498e+00,3.855266537989441855e-01,6.138786017602981815e-01,2.366327040335702847e-01,-5.843117948388701910e-01,7.229618272523046230e-01,4.431693244800857800e-01,-7.092840612569814018e-01,2.610574842858077727e-01,-1.230060696857468772e+00,4.109243195577690244e+00,1.973426044498961529e+00,2.463293969288351537e+00,-2.138564111469630991e+00,-9.454591271589224410e-01,-9.641584168562223889e-01,1.443873876090001618e+00,-1.052124172368008592e+00,9.048360266515476091e-01,1.615811078919700661e+00,4.945423770398613694e-01,-1.445383723147090738e+00,-1.929712102277121977e+00,-1.522955139504440725e+00,-1.343665570636879414e+00,-4.337546478442656506e-01,6.308168473249493591e-01,-2.947891865952028123e+00,3.033880950211500949e+00,2.420111523300918499e+00,1.394760256822777933e+00,2.783351416059733019e+00,-8.243226950968404187e-01,-2.705198101959266133e+00,-4.756116984200219888e-01,3.110404436298027098e-01,-1.663198445178480700e+00,-1.240779291860867772e+00,1.701627643628365494e+00,2.589856767473475596e+00,-1.212131904760907819e+00,-8.476573322760040385e-01,6.173000579847215397e-01,6.512427298609014814e-01,3.667959279872123335e-01,-7.693235135815508496e-02,1.450343561142444671e+00,-9.901430026561746089e-01,2.190644547482798021e+00,-7.093442866347409170e-01,2.623721432093808481e+00,1.270647884204463729e+00,-3.332915471865981694e+00,-1.815035220703043128e+00,2.066442777605620673e+00,7.207711043923441530e-01,-2.628948525285863536e+00,-6.860703199304599709e-01,2.273473963945844833e-02,5.549336170165279913e-01,2.051444969099673887e+00,-7.800869295036878814e-02,9.094807015057111421e-01,-2.839037241281062718e-01,1.923047208708010158e+00,-2.073185481727330415e-01,2.076004451679634433e-01,-2.479029824002571269e-01,-1.714759874980459897e-01,2.611032344130550520e+00,3.056776711687214099e-01,-1.585902239616128861e+00,-2.648126496433989563e-01,-1.300857993809077406e+00,-1.827413930191432945e+00,5.927422336368732836e-01,-8.040985328678673660e-01,4.716479498381274116e-01,-1.822290532192335943e+00,-2.234292733892938809e+00,-2.206597259857505100e-01,-6.592909295277551429e-01,1.303733417650905002e+00,-9.543116026523218443e-01,1.600959865309118157e+00,1.121487781778836901e+00,-1.879417035901434829e+00,3.654419263538303930e+00,-3.038571198507256099e-01,2.140459988302640060e+00,-2.377933870030512598e+00,3.658632313838967864e-02,2.165198393683438027e+00,4.086831458222670577e-01,-3.195788920872592587e-01,1.639948160970850832e+00,-1.956257992272780744e-01,1.938450609485622200e+00,9.875012484264693580e-01,-1.091093253148504028e+00,-1.207137490877101538e+00,3.729468690896373673e+00,1.009833154813755685e-01,2.385280795335954274e+00,4.246757950270813042e-01,1.250618601455107948e+00,2.358762549623718008e-01,3.076830245072076142e+00,9.003494849855450677e-02,-7.923426889933327111e-01,5.400727237094233857e-01,3.398505646923673518e-01,-4.870177591713079762e-02,-1.477871398528793900e+00,-3.071797369190635507e+00,-4.213371108535877152e-01,6.535006850243159082e-01,1.122867079170081661e+00,-1.073098080884303807e+00,1.340013254276054333e+00,7.243360726257539461e-01,-1.205913874812950093e+00,5.646874895905886760e+00,3.910835535184525202e+00,1.562172789100122472e-01
4.755421258563652942e-01,4.409994557847518593e-01,5.951348888901031309e-01,-3.034091817305645478e+00,8.148052731327118936e-01,-2.584950874901301709e-01,-1.943842569236553297e+00,1.162607690041646269e-01,1.239167401657354617e+00,-8.204181304714250889e-01,-3.238469016030415260e-02,2.267473737628917796e+00,2.706834111125397957e+00,-1.931227122659137652e-01,1.613808793307829614e-01,-2.915024755357726871e-01,3.548279046646492518e-01,9.545603699177285240e-01,-1.002968280939642298e+00,-1.617366414503442318e+00,2.750209113933459015e+00,6.662095329348364237e-01,9.072220301984264268e-02,-1.478715358865601459e+00,-1.251268539701227533e+00,1.216024151630380690e+00,2.743338302285494024e+00,-6.306886903084157892e-01,1.565804634702482767e+00,-2.257793648316530177e+00,-1.555053665834221999e+00,-1.120700655681438340e-01,-1.907903327441008878e+00,9.266548681317780811e-02,1.092104823920975187e+00,1.255684722785178398e+00,8.128745204705134508e-02,-5.280616909529278757e-01,-3.329247444153158458e-02,3.062399704288148783e+00,-1.983543987170247380e+00,1.413611668428743640e+00,9.213637792604041366e-01,-1.847561821354535061e+00,1.289670445804650400e+00,3.385992806770049768e+00,5.066519311121561175e-01,4.038239820513491174e-01,-9.178568033059470999e-01,-1.621324904992813343e+00,2.606385589181511864e-02,2.261391421642777289e+00,-5.467152672347040943e-01,-2.962161260940261442e+00,-3.407289442254097356e+00,4.718509186745695416e+00,-1.041005586164243324e+00,-1.060999208097333613e+00,-2.876196628227243868e-01,1.136026798679008243e+00,-1.071961360962144505e-01,-4.950142598775780778e-02,-3.415570226925485064e-02,2.406175644982931905e-01,2.531720563003838631e+00,9.502470313754224351e-01,6.134756656939973629e-01,2.212699311754726672e+00,9.392908825032474374e-01,8.504206484189200665e-01,1.183629255080753451e+00,1.903941983656014303e+00,-5.786425108342310164e-01,2.935651840024788850e-02,1.756467867558800577e+00,6.363040819573637652e-01,-7.179844171342412151e-01,-2.810192360629958919e-01,3.492144773070738895e-01,-8.526401726949921489e-01,7.666859587646922547e-01,-1.189213868862894818e+00,4.532631427141808445e+00,2.393563726320679930e+00,3.199520944506637932e+00,-9.937077576706911941e-01,-2.516392822873185331e+00,-4.992065584997230632e-01,5.682820018261728334e-01,-1.472172744767664909e+00,2.579999305645184648e+00,1.746786032411235423e+00,2.976451787411789063e-01,-2.109254108098066904e+00,8.639950157087648019e-01,-4.345634860827150447e+00,-8.967544816848427303e-01,-5.437306422004412054e-01,-2.290068621296111329e-01,-2.410322254921157814e+00,3.751096747395437525e+00,5.071072661871184328e-01,-1.323419396183904695e-01,2.352024210060872367e+00,-1.175657644468115937e+00,-1.398510989703415586e+00,4.739595050669197229e-02,2.146180878175695916e+00,-8.214757737938361837e-01,-5.320383633335028506e-01,1.319778718808563234e+00,4.267647066476900619e+00,-1.356648904429801572e+00,-1.288518518452307582e+00,9.167439977599245449e-01,6.232787390674788819e-01,5.000116573036630374e-01,-2.219051060215392557e+00,2.375688626384028890e+00,-1.152324335904237218e+00,-4.400967589544140246e-01,-4.775372955168504241e-01,7.506151109370492458e-01,8.519932459675892966e-01,-2.188942957407875589e+00,-1.472102590525594445e+00,9.257606604120026672e-01,-7.313585065551709841e-01,-2.894352836915186522e+00,-2.957406901199693960e-01,1.286789191724566073e-02,5.522650025371750315e-01,3.205973456323189641e+00,5.827873709715986061e-01,-1.565639871184399512e+00,-1.468366650842121590e+00,1.425367352906515173e+00,4.573589876540916366e-02,6.683147840346245205e-01,-3.469179981609784025e-01,-2.726294530709155728e-01,2.030331267367678549e+00,5.961732841533874394e-01,-1.094606196633161055e+00,-8.050620438754773067e-01,-9.936332463247111724e-01,-1.516223689738931402e+00,6.867207632281433494e-01,-9.391444270778678272e-01,1.009796062998370214e+00,-1.393331873505601060e-01,-1.953609010855931860e+00,-6.792746883665271018e-02,-9.380188947448451220e-01,6.783360840747278964e-01,-8.363779683532018838e-01,1.203487590081931513e+00,1.533699648678231720e+00,-2.628499989273731074e+00,3.179835918092958291e+00,2.779086474808748486e-01,9.470174256002757973e-01,-2.881292577121397525e+00,-3.060442719871747652e-01,2.682933369773096821e+00,6.800881263322338111e-01,8.892768162200206383e-01,1.631208133083617673e+00,-3.822877422807536840e-01,1.679699217058866934e+00,-4.769912074745035202e-01,-1.124803538171723183e+00,1.036378787405035223e-02,2.275545966623803817e+00,4.284340629781368537e-01,2.076148219309442489e+00,2.399692683794891201e-01,5.625005021412599060e-01,5.297463706298289887e-01,3.029299713484093548e+00,1.924218544614978210e+00,3.401149178295577169e-01,6.530994400442577952e-01,4.237458184262630212e-01,-4.130742341886769337e-02,-1.120527696095812598e+00,-2.493721872268719331e+00,2.605504023745606190e-01,-1.197516295078112636e+00,7.852318272101597163e-01,-3.372970135848296636e-01,4.298037909123549882e-01,6.423614537525583756e-01,-1.372427145920292357e+00,5.136800569931654792e+00,2.188127675430140417e+00,1.874576391563066158e-01
1.054987237953614931e+00,3.786018733971789896e-01,7.978903233960633612e-01,-2.386578580340104505e+00,7.126288012644577119e-01,-2.890192786450433982e-01,-1.795598373295416827e+00,-2.900785468311771753e-01,1.338437175884809704e+00,-1.982315488601122278e+00,-3.375820412933550063e-02,9.874443219905469915e-01,2.604815686358755045e+00,-2.369005863661261813e-01,2.089923050929420434e+00,-7.199755448194923302e-01,-1.227248112482874465e+00,9.362074877924000393e-01,-1.236752397874784082e+00,-1.953342925911710992e+00,1.654272299425603387e+00,5.738888272219526687e-01,1.399626073228315892e+00,-2.320364132321668382e+00,8.992579750424044560e-01,1.129462866529381326e+00,2.757405324134693636e+00,-7.040399709185363175e-01,2.155364253227209925e+00,-5.377085203752074438e-01,-1.550514197815864303e+00,2.880781332641305093e-01,-2.064591587992628874e+00,4.926658636270282998e-01,4.127539662298768119e-01,1.212643290563340859e+00,3.898734767005540558e-02,-9.893208067409596795e-01,-5.314399808016901927e-01,1.338128071030853850e+00,-8.913579784115885363e-02,1.361450701191669665e+00,1.821513626006208586e+00,-1.510221353788136378e+00,1.100735377780537316e+00,4.995911986967700891e+00,9.473472187143730516e-02,7.595236961746296700e-01,-1.209033435211877228e+00,-1.296693095670639728e+00,-7.335547129500470387e-01,1.961452471107059559e+00,-8.379044571717353396e-01,-3.097269341579255819e+00,-2.846581102531143603e+00,4.170278216429204932e+00,9.055541067474967010e-01,-1.705560064757821293e+00,-8.889105881656002017e-01,-2.759792667834047933e-02,8.307766437131336446e-02,-1.283142208485568148e+00,2.978351060175458143e-01,-3.883633205623317486e-01,1.758730709300137640e+00,7.913132668355750132e-01,1.047073735236176528e+00,2.054981669121376253e+00,3.872971257009174550e-01,1.039980868582722096e+00,1.143287391437732281e-01,2.835678957116244403e-01,-1.049206779358160757e+00,3.139956484311567930e-01,-4.073804558053097935e-01,5.520270141373860850e-01,2.138200067398246529e-01,-7.778760057807379003e-01,4.659843300928949161e-01,-1.314814042445813680e+00,9.491867211423663520e-01,-9.829338489978909355e-01,3.380877616117389017e+00,2.452935671615866564e+00,1.584078199833580891e+00,-1.519581346750647377e+00,-2.791701967712731491e+00,-1.276084842557342613e-01,1.230077360371010231e+00,-1.362851117593809835e+00,1.093351321940057685e+00,1.396502377087534663e+00,-4.569039072797826950e-01,-2.006299001516000047e+00,-7.069699642153766117e-01,-2.097882632766148614e+00,-2.108574777218576557e+00,-4.372173640950524631e-01,7.847908422400547979e-01,-2.418420752761500481e+00,3.049233610392660054e+00,-4.180985254224637848e-01,2.141538636044853783e-01,2.697670079378017505e+00,-2.110657022677812300e+00,-2.255834508816155992e+00,-3.132238254961164925e-01,7.866677903142038630e-01,-1.559872240886724715e+00,2.527177145611313458e-01,2.397372302247656961e+00,4.337455426513433743e+00,-1.311015194061134537e+00,-1.252023540946660907e+00,2.721996166513896212e-02,1.299393567775886771e+00,-2.859845862750401979e-01,-2.371278580692585791e+00,2.244719856450936302e+00,-7.551679915731920323e-01,-9.200125196792152682e-01,-1.087166247141057696e+00,1.274745088539939841e+00,1.128165175874498827e+00,-1.901730525553727125e+00,2.541356980667053289e-01,2.038789770907502685e+00,-1.476550624352473140e-01,-2.547404859772849139e+00,-3.925704074477341932e-01,-5.750929176998349490e-01,5.278693049206223398e-03,2.020820897799969984e+00,1.261395611402127970e-01,1.248049587492622514e+00,-1.639718856419339676e+00,1.597749788752031996e+00,-5.181032725973561126e-01,8.686628260938703550e-01,3.820677690747820709e-01,2.309638571124523684e-02,2.630193201895373534e+00,1.656341329750634639e-01,-1.181092758279594923e+00,-4.109474318552058802e-01,9.335368686726787102e-01,-1.949381356597753578e+00,6.129454438358740154e-01,-2.064226513781131978e+00,5.684430224527883269e-01,-2.256990400034250221e+00,-1.997493662104443901e+00,-2.540185046462132279e-01,-8.444255878720743347e-01,8.874260950481966947e-01,-5.061166277796409485e-01,1.577063392913218509e+00,5.336856371172511437e-01,-2.814616134443204576e+00,3.323620147845043338e+00,-5.539804823885178253e-01,7.542933538147803540e-01,-2.167701314409736568e+00,3.473187038670427773e-01,2.705634035548274419e+00,-9.782196478038498455e-01,6.968927279875228864e-01,1.823935297604321271e+00,-2.890734570437669126e-01,1.686461179684186407e+00,-3.992875974068204464e-02,-1.233132339120019294e+00,-7.003443195022059087e-02,2.763788441355477410e+00,1.891731854423904791e-01,2.219519149301869110e+00,7.867316467759798426e-01,1.101849130702104329e+00,4.453983801156443656e-01,3.673636250009764126e-01,6.063476761791496417e-01,-7.047062677231659134e-01,9.220385721185693217e-01,7.826116255985628989e-01,4.293238711531029428e-01,-1.958887243143533574e+00,-2.552795200766813100e+00,-9.769019007647837538e-02,-1.743041849360703832e+00,6.957490249691140605e-01,-8.075037443667809622e-01,1.245385607064710909e+00,6.791385276423002049e-01,-1.313296633190895291e+00,5.581138456804910497e+00,2.356479692987779817e+00,2.117585098277020295e-01
6.732972413317125371e-01,4.058221969525129258e-01,7.988812856475594470e-01,-2.569310346523507427e+00,1.039286910285777799e+00,-5.308711208638037249e-01,-1.783036990887574280e+00,6.858423054455234369e-02,1.226092695134338273e+00,-2.118080666786279487e+00,1.569393793313068886e-01,1.540576834679767249e+00,2.196739091041002734e+00,-2.739250375326816034e-01,2.256366151368987882e+00,2.920259500461553914e-01,8.488305120488714994e-01,9.461966747017355184e-01,-1.020763937689489254e+00,-2.060308760442356224e+00,3.152707160240104223e+00,1.300541014789018401e+00,2.079584073378153430e-01,-1.837479311762865830e+00,-1.405230716714196637e+00,6.791300244890755566e-01,2.755326206232440733e-01,-2.872543506181954309e-02,1.323682808758803064e+00,-1.987004452904403751e+00,-1.267472705567623814e+00,4.819929477497318371e-01,-2.193693826963803772e+00,2.690045594507093352e-01,1.748215551376737231e+00,9.667425263927895696e-01,1.454651447778517737e-01,-8.859076614152272544e-01,-7.294512529164483006e-01,7.456178280468348518e-01,-2.015163585086622966e+00,1.599825431038113699e+00,7.450675570533862868e-02,-1.850820743440418914e+00,9.789763951620726878e-01,3.555523410172670928e+00,8.626280469201296208e-01,6.270250470217659799e-01,-1.399240283693918618e+00,-2.035255964483415170e+00,1.877570549226905694e+00,1.977924390556365486e+00,-2.235663518842660458e-01,-2.955119277380185316e+00,-2.083917377875208921e+00,4.124029326830171094e+00,-5.857760847336523913e-01,-1.752695982104407246e+00,-1.388603750487493960e+00,-1.565156840213349082e-02,-1.381967382263999955e+00,-1.132076272995097055e+00,-5.544526395013397169e-01,-1.424719540911884685e+00,1.281871456786976893e+00,-5.664591468946757885e-02,-8.505219662380675283e-01,2.285805034074453346e+00,6.709774388741966966e-01,9.685145647871437058e-01,-2.231807182347581298e-01,-1.459024922042616995e-02,-9.754367101290947195e-01,2.499746188998824559e-01,1.523652722208734822e+00,2.889354524652745781e-01,2.212069261473095239e+00,1.454377027435076020e+00,5.448066065273915459e-01,-1.390940836001721026e+00,-1.639349699717969622e-01,-6.290468558391317799e-01,4.600880802955177096e+00,2.913625748410226368e+00,1.720190109019305469e+00,-1.428959684985956269e+00,-2.947321593081574598e+00,-4.714862058570259418e-01,4.894914534574135168e-01,-1.292238076322410389e+00,9.646393479943550231e-01,1.710382542918167603e+00,-5.545188012439555836e-01,-1.885327873759722994e+00,-8.464945795919197602e-01,-2.039440446782752936e+00,2.955128507385239578e-01,-8.642580703614755055e-01,-3.448305264478036536e-01,-2.183561297739329277e+00,3.189658111911372718e+00,2.123730664574023042e+00,4.531332334258871830e-01,2.630099229773782632e+00,-1.788242579409000665e+00,-3.095007250019472966e+00,-3.877976034558838214e-01,8.230745733412798693e-01,-6.606139743524690466e-01,-9.495445333879192207e-01,2.360516069151953555e+00,2.638530983159374621e+00,-1.126413777568849639e+00,-1.114252469538183021e+00,2.610265177980414797e-01,1.285840409374962690e+00,3.463813945320944887e-01,-2.457962871562205276e+00,2.259326215674623217e+00,-9.041446934173520411e-01,-6.918703377313375480e-01,-1.397050388479471827e+00,1.463324461948911193e+00,1.210752649199994924e+00,-1.617289848929260643e+00,2.514433722704058072e-01,2.149465965762072453e-02,7.925416055072996846e-01,-3.793672853389114863e+00,5.442063390647848831e-01,7.507857326309619328e-01,1.272323694900598934e-01,1.683498918188944149e+00,-3.210675917083240516e-01,1.435710495730867509e+00,-1.838194788128558521e+00,6.787957496174680250e-01,-2.959273701194513051e-01,9.682217660016816385e-01,1.354755676317788149e-01,-4.603951620473225592e-01,3.004458606462031778e+00,-3.853364489106863022e-01,-1.984638072561635713e+00,-1.543943177417573254e-01,-1.127845717705282302e+00,-1.074720752402293034e+00,8.388140670514586672e-01,-1.106408950459411844e-01,1.106536793188497514e+00,-2.331381503012095457e+00,-2.138610963429604883e+00,-3.079127415518904676e-01,-7.082348728193760268e-01,1.003035167574114261e+00,-5.866443468875015554e-01,1.431600290866721803e+00,1.830038051701668333e+00,-2.671185820780302755e+00,1.225643973406263632e+00,-3.174689189736383255e-01,1.687052506617919390e+00,-2.303242033005502787e+00,4.957880416742285745e-01,2.300069092007230420e+00,-1.268080457557064777e+00,4.557058648489011876e-01,1.720760127589315180e+00,4.308033122887709454e-01,1.292187086520210304e+00,2.868349826895910670e-02,-9.257265305944142320e-01,-1.146833772397581441e+00,2.560882955013643159e+00,-7.285855610115650471e-02,2.264409613563316270e+00,5.664551815466950524e-01,1.696804553194725118e+00,3.801453130386591717e-01,3.010117991606501064e+00,1.332180883165038576e+00,-2.167510468338753160e+00,-3.906151631412007608e-01,5.152970531815637134e-01,2.844359478681787734e-01,-1.042424974450085973e+00,-3.417845149865136545e+00,4.780899279158600246e-01,-7.169834356599789071e-01,-9.380634340250457726e-01,-9.325397097825612880e-01,1.143986694822435979e+00,6.845678884747626869e-01,-1.347666878745833463e+00,5.524672205847092954e+00,4.232243565152708165e+00,2.328954119698254388e-01
-5.489586113088291697e-01,3.438916675056146177e-01,9.320535203079000075e-02,-2.356836912877673829e+00,1.066489852365215318e+00,-4.769323932368492169e-01,-1.800541936695027045e+00,-1.027941462556735130e-01,1.199839528209135420e+00,-1.897285219643543686e+00,8.297406737142708211e-03,2.014188567951876507e+00,2.718739912716379603e+00,2.455827807858273343e-02,2.184973707952119426e+00,-1.538915881657427764e+00,4.901049963391407860e-01,9.249214315567071409e-01,-1.204216208450237913e+00,-2.002222200843629896e+00,1.809771988233576989e+00,1.329824312324354940e+00,7.008391875510111557e-01,-1.127119452060456828e+00,-1.176194978079434961e+00,5.302784506755073846e-01,2.457013485730134228e+00,-5.534615890371751279e-01,1.627331734048088618e+00,-9.562461324506532634e-01,-2.569493560470955451e+00,2.152800754487033397e-01,-1.228429921061232388e+00,6.508834582343756003e-02,1.537541301449664388e+00,2.114637354056033480e+00,4.262543533482219815e-01,-1.068396681311374774e+00,-5.573308546998541058e-01,1.526076493547400048e+00,-1.636718604577171998e+00,1.552232520608091582e+00,-3.384345834533553088e-01,-1.602102546588934695e+00,3.810951275292973062e-01,4.775411570001489636e+00,4.442674363482380095e-01,5.668050230797527789e-01,-1.698934893942158242e+00,-2.269515985003820457e+00,1.646809585146702615e+00,1.848635153735667558e+00,-9.579608296549990687e-01,-3.652439769946132397e+00,-2.937956590358001829e+00,4.503792349822997032e+00,8.911734748968473951e-01,-2.544131079502626402e+00,-8.168166523053504990e-01,4.158962759600821901e-02,-4.753099371571639087e-01,-8.622569147295551240e-01,1.694269244611425584e+00,-3.185709475156551784e-01,1.128874375054470303e+00,1.651143473806000461e+00,3.595755351279862344e-01,2.544096497809261948e+00,1.180770198588817932e+00,9.142057721276142246e-01,8.710575063456471590e-01,1.366972347197457527e+00,-4.944540188449934037e-01,2.622937221354271764e-01,9.243079358572451332e-01,2.693912282857795937e+00,4.934708704984751559e-01,-7.344996323047587872e-01,7.926585497764808697e-01,-3.489316047135724852e-01,1.083119846418509613e-01,-9.375979145950436022e-01,4.146103558471890160e+00,2.390095916163003764e+00,1.634298055709251241e+00,1.222476675821569048e+00,-2.892777115171213165e+00,-1.077876403716398590e+00,5.143674502637447521e-01,4.884865294340834940e-01,1.064745965125166727e+00,1.569564595644943772e+00,-4.124893853689776679e-01,-1.739494458750261430e+00,-1.020282838156669758e+00,-4.413463211755216165e+00,2.123109852541277542e-01,-8.858710808928926816e-01,1.597052362294135497e+00,-2.219666516836163783e+00,1.765181093100537113e-01,-3.891525818765150246e-01,-5.851931785235239825e-02,2.548285101972613376e+00,-1.692667937069178175e+00,-2.515597661866967982e+00,-5.359468963442957090e-01,7.840726114437917005e-01,-1.186001327509792036e+00,3.023391551478794015e-01,2.113718762448998145e+00,4.354136153239118734e+00,-1.576116370314882165e+00,-1.261842580568456773e+00,3.867600045737294434e-01,3.087393741038893524e-01,6.881478595812828836e-01,8.602384374210089168e-01,2.087561800707074866e+00,-9.237791905739781706e-01,2.473997292351684862e+00,-1.111539295629289992e+00,1.454466002282053028e+00,1.151134701189853171e+00,-2.338879852382539593e+00,9.772143312387671088e-02,6.341835652205176643e-01,-2.590808835598010229e-01,-3.364063111767516823e+00,-5.076995684726529623e-01,-3.360690592017306355e-01,1.608061114022063087e+00,1.925685474881688064e+00,-3.451978247676027456e-01,1.526869412419083583e+00,-1.740128266548457203e+00,1.326250791309969035e+00,-6.664868148984317564e-01,7.424213052377206523e-01,-1.342952151766993729e-01,-5.551008188621512351e-01,2.278237064257861988e+00,-2.407050908565538244e-02,-1.060686798359565586e+00,-4.086655444367578993e-01,-1.385801983058849496e+00,-1.987658796185459709e+00,-1.553032805181814024e-01,-1.019657722445580506e+00,5.029823350541835492e-01,-2.178783765797846161e+00,-2.065786724142436803e+00,-2.467474368406517293e-01,-6.276143906446420839e-01,1.807913148437016782e+00,-6.674037015089026026e-01,1.262388722806763841e+00,2.141939695965553003e+00,-1.618579819820388899e+00,3.158533968797187175e+00,-5.349543956158646640e-01,1.882060639020655790e+00,-2.348723764155253857e+00,-2.136772621219631407e-01,2.765112938942081211e+00,-1.024881825692853132e+00,1.024879239043633872e+00,1.879065348165819938e+00,-7.966100621063439968e-01,1.927035217754751395e+00,5.124277290569743959e-02,-8.044216026863999502e-01,1.603337144014439497e-01,2.605032476303094757e+00,-1.468957096579552313e-01,1.746105698180701271e+00,6.023407380614255180e-01,1.613688347609518514e+00,2.186044431142736277e-01,1.504048162360646368e-01,1.793503821136265275e+00,-5.166881309975659420e-01,-3.310066753343534063e-01,1.782186499665092461e+00,-6.755690461558833126e-01,-1.040179855185495938e+00,-2.087349120167275363e+00,-1.270830424114217649e-01,-1.129110136959768251e+00,6.057347929524604657e-01,1.443495224162916424e+00,1.351615958793945138e+00,7.173478002497105654e-01,-1.625183099978136037e+00,5.230449939252172165e+00,1.434323012968038880e+00,2.732662907184175149e-01
-6.342811628743257879e-01,8.869997390617196942e-01,1.930544351846759932e-01,-2.366902962762179818e+00,1.145001536027548505e+00,-7.458624663627418938e-01,-1.808215607260584834e+00,3.611867156693144842e-01,1.144157628182426611e+00,-5.861708036425878898e-01,-2.746670537898585063e-01,1.284297616470547299e+00,2.285086954389739855e+00,-6.132522743192706655e-03,5.611904554314492977e-01,1.142448082543829485e-01,-1.225900951854253851e+00,1.185630571594277649e+00,-9.619440799814807930e-01,-2.351919497292355832e+00,2.195466349972921005e+00,-1.956066370873570937e-01,3.079168297839119939e-01,-1.647586399271413260e+00,1.820157674755334964e+00,7.786348132349992790e-01,2.711953694865851805e+00,5.610629462516389387e-02,1.563743151915399476e+00,-1.687324075014779767e+00,-1.437430507407613467e+00,-7.735816533484189961e-01,-1.707165212517305131e+00,1.726134416707424957e-01,7.790077504167110256e-02,1.411468916065767187e+00,9.860775975399742321e-02,-1.076429053297732974e+00,-6.059406197976795472e-01,2.880818166165767913e+00,-1.732450315410102082e+00,1.564000953324351961e+00,2.012588187095384562e+00,-1.822952208784504258e+00,1.054598446738138851e+00,3.329473134420552594e+00,1.446337136508993142e-02,6.644138894928264261e-01,-5.659845749693885875e-01,-5.229957401856182297e-01,1.241905292378321812e+00,2.184290313257888361e+00,-2.173518334412244624e+00,-3.002126945593824647e+00,-2.514168738621165300e+00,4.716058717400477107e+00,-3.931678442106776306e-01,-8.875108726499231215e-01,-9.863214943840583615e-01,1.000846127030627031e+00,-4.863580221506235701e-01,-6.751212029236258738e-01,2.927387777101145283e-01,2.496610976448528085e-01,1.971592327286681989e+00,9.509904133554580863e-01,-7.518656107814351008e-01,2.174736517007084924e+00,8.132763081005441874e-01,8.393764591471487568e-01,-1.765529490700420201e+00,1.527575324168877424e+00,-3.775817177540227720e-01,8.753753111476020310e-01,1.160413100854134516e+00,5.101671408661855311e-01,-3.994323433979332094e-01,8.963304935246527716e-01,1.095216484114305278e+00,-6.163618951615441599e-01,-1.144373257243155861e-01,-1.163960162611987093e+00,4.097116660806036315e+00,1.839656098774065995e+00,2.535940938800777644e+00,-1.688826369352952383e+00,-1.278727586716312370e+00,-3.604110622478040593e-01,1.537519566286984052e+00,-1.245278253024045823e+00,1.115627370645985827e+00,1.934624626666291203e+00,1.292747474767199090e-01,-1.933775893719173578e+00,-1.719576851544336371e+00,-1.450361926583540351e+00,-1.166291917314240756e+00,-1.074352947332963160e+00,7.272552810606619511e-01,-2.534428983830725457e+00,2.976452687709713718e+00,3.297526158267426455e-01,5.777811872874578647e-01,2.341589484510575581e+00,-8.625226765785393157e-01,-2.662397499130387146e+00,-4.998548390418330323e-01,-1.534221133171791152e-02,-2.649845829354718241e+00,-1.143518116804255635e+00,1.715018418833995195e+00,2.869027075047254183e+00,-8.205680705249229767e-01,-1.628997200836243442e+00,6.277538928502858218e-01,1.441259246295431840e-01,4.947751249330306633e-01,-2.269265381895870237e-01,1.353442256099725016e+00,-1.158611398102369572e+00,-3.613520362631850169e-01,-6.077204337540981216e-01,2.444849229929407564e+00,1.151953242970764180e+00,-2.131314210325274239e+00,-1.785184478295994248e+00,1.978457364622508763e+00,7.281773288642175990e-01,-2.685956540084306177e+00,-5.419944846408755179e-01,2.844097819170620656e-01,7.643020654856458318e-01,2.911193144672147515e+00,-1.475610510455410695e+00,8.275890227901858687e-01,-1.299142522940803124e+00,9.458659337605999085e-01,6.550681306792527359e-02,4.860088419064925169e-01,-3.461696263440947607e-01,9.452999441783599410e-01,3.133704182982809172e+00,2.564090206794723548e-01,-3.123226660941873067e+00,-1.421478693434446994e-01,-1.381674584833686437e+00,-1.819459265825015271e+00,2.492560885413775129e-01,-6.247752645999375964e-01,3.909731265710346126e-01,-1.733829635160759386e+00,-2.304868295512395360e+00,-3.865384033497188537e-02,-1.319680958492714939e+00,3.675726638388407075e+00,-5.777812821300318258e-02,1.768365303013978318e+00,1.233847997718119149e+00,-1.790181795659294028e+00,3.179526479275338158e+00,-8.060602276664635690e-02,2.095091807002206430e+00,-2.303800889033396082e+00,1.137413322065961019e-02,2.208797978615993696e+00,4.990974723501895305e-01,-2.235259858767887353e-01,1.289097624950505061e+00,-7.635656340757121519e-02,-7.054577827260284650e-02,1.454014243243089699e-01,-9.660594428925353139e-01,7.706502019085766098e-02,2.982364799817010859e+00,1.629405653276401744e-01,2.135453936381797480e+00,5.216020999118741175e-01,1.106878757555603388e+00,6.363905249348007498e-01,3.108115133311089018e+00,1.039115173238561313e-01,-2.947104403559586139e-01,3.225802022690068549e-01,3.143230410599887059e-01,6.565692611455148375e-02,-1.305402776450221847e+00,-2.840428232570871625e+00,-4.044728474261994333e-01,-8.264465345976910182e-01,9.699424087572967590e-01,-7.459387253405197482e-01,8.212104794659323970e-01,1.044567340141069778e+00,-1.236237601236718664e+00,5.508266827698709456e+00,3.881137907094170281e+00,4.089678568148343851e-01
8.396152258771044652e-02,4.779593035460495409e-01,2.612247696243144568e-01,-2.917547306188429168e+00,9.668965320374406369e-01,-6.947206996545676194e-01,-1.704036948559884967e+00,-2.442053535998744696e-01,1.907676582163034373e+00,-1.865737074912524607e-01,4.681930732876871115e-04,1.157632356066048196e+00,2.588302122337461153e+00,-3.136328679792634855e-01,4.370518109248168193e-01,4.122820887318071059e-01,8.642237095125413493e-01,1.338392578228434493e+00,-2.016758050488692167e+00,-1.846930277525242081e+00,2.003202451577723586e+00,1.356941672535553867e+00,-7.812137981291369937e-02,-1.644491657754718172e+00,6.748615570254502538e-01,1.083085120242260668e+00,-1.806092639122318100e-01,-3.215997432959260410e-03,1.432212771076539992e+00,-2.533139962476779417e+00,-2.756964551228402449e+00,3.325215917895244511e-01,-1.115963750476290484e+00,-9.462553304559545575e-02,1.064136134830293789e+00,9.055821281676559309e-01,1.733031458055711571e-01,-1.334345139119021972e+00,3.131797190542612852e-01,1.333023590479352150e+00,-2.044514837076898406e+00,1.473807877005603784e+00,1.463502539565180394e+00,-1.639077265532573158e+00,1.059498852131546709e+00,4.864114595100507366e+00,4.727520270653082779e-01,1.213196410584078677e+00,-4.180264977299286699e-01,-2.395879012334193536e+00,1.597418114865050143e+00,1.963426739399423582e+00,-2.250080598160758560e-01,-3.571177505248692263e+00,-2.902515593384454196e+00,4.466629373567664096e+00,-4.562532669786554806e-01,-1.192159200561323518e+00,-2.256227877960568673e+00,4.220414698803313103e-01,-1.527616861221728461e+00,-8.052141918997131054e-01,-9.992368344545268788e-02,-2.413996978571606999e-01,1.927563624495021832e+00,-1.061111638170284116e-01,2.908872293008283316e-01,2.541891898393318971e+00,-9.816951447368685857e-01,1.682410600323855698e+00,9.938434526475125042e-01,8.515362715044905162e-01,-6.154224891213925241e-01,4.262693503769710013e-01,7.243679487472747258e-01,2.640081456082746136e+00,-4.173411496219711081e-01,-5.200431784135197688e-01,3.777539127588497303e-01,-6.483919158239985769e-01,4.906265429082739549e-01,-1.120271329814126693e+00,4.313671493209018770e+00,2.180569303614219301e+00,2.453023580682121896e+00,-1.689721410475229835e+00,-3.448456202364446721e+00,-1.678481599131206869e-01,6.523303346977470385e-01,5.172989531535563401e-01,3.617892218816437744e+00,1.711101843119996690e+00,4.612204215572088817e-01,-2.179233740627699589e+00,6.873498000883877523e-01,-1.625847133246602239e+00,3.000323398485417736e-01,-5.816981631109406914e-01,-2.198266986963620662e-01,-2.595030352485713454e+00,4.693180335949465043e-01,-6.260701149713014946e-01,5.763410329002256471e-01,2.412944434618624623e+00,-1.598664597209123128e+00,-3.123005786594589051e+00,1.104678351837133921e+00,1.959547958909212406e+00,-3.134325096819960521e+00,-7.648347832716002603e-01,1.525322184214989107e+00,2.293173162074403137e+00,-9.901566304863508305e-01,-1.535659445921123023e+00,4.224172856591776881e-01,3.959818057362174959e-01,1.071204349514111476e+00,7.175711053977191778e-01,-9.850382557126026173e-01,-5.074264285240097372e-02,-2.601624507656632446e-01,-4.683522606756137519e-01,3.974813009698436872e+00,9.282434138234048060e-01,-3.176514632030562169e+00,-1.555920482731627974e+00,7.681707391981824617e-01,-4.515553916656311895e-01,-2.907510253779174381e+00,-3.523303165713689289e-01,3.773175245216650042e-01,1.845916402131378975e+00,1.826498502189146667e+00,3.841550830107665071e-02,8.346251692826782698e-01,-1.827013464341144644e+00,8.881301502265928072e-01,1.857893612923395416e-03,9.113280151306261123e-01,-5.277580597579343280e-01,3.050843757910435827e-01,2.721346924769699971e+00,1.247213697800568649e-01,-5.297297987840777767e-01,7.750381097559738697e-01,-1.272514529690900842e+00,-1.382663981232261863e+00,-4.895224067906110421e-01,-5.853320016887029187e-01,5.865683775048005089e-01,-9.561064291655545500e-01,-1.436567958222087604e+00,-1.113542264728216713e-01,-5.253379915382335730e-01,3.453672771993594015e+00,-1.383754254239351056e+00,7.149468453876680618e-01,1.891708233478531342e+00,-1.337191148778440697e+00,3.334009603478175432e+00,2.863969812243915558e-01,1.775147000927978835e+00,-1.894765777003924789e+00,-1.144965096295834511e-01,2.381096452509821049e+00,-1.949870970322439279e-01,9.004076781033472088e-01,1.901009300820679204e+00,5.854861384645032585e-01,1.747186561575208019e+00,1.163600729188291272e+00,-8.123619845726681721e-01,1.015134430231921236e-01,3.325706139614409196e+00,-4.135296273019791746e-01,1.269760059273237429e+00,1.721182944614446098e-01,1.037475876417732978e+00,4.839223668208778584e-01,2.865855256829313635e+00,1.867367897807636457e+00,-3.306352906398893343e-01,1.684714657776981706e-01,7.605599999427319347e-01,1.872531833389359801e-01,-6.668730468146902846e-01,-3.152056573918666338e+00,-1.180688974552392745e+00,-1.614802442825785000e+00,5.910033991186198765e-01,1.718848868994116152e+00,7.951677388730014062e-01,1.180656288158401512e+00,-6.442250936442179832e-01,5.187620751718142742e+00,1.952589579767748829e+00,4.917301059669891838e-01
5.879902465375683729e-01,1.265975823923722654e+00,5.213798665936852927e-01,-2.583497542013648562e+00,8.832006809920833756e-01,-5.470531168995595994e-01,-1.610366921957654407e+00,9.108210059498834665e-01,6.256160968604004280e-01,-6.432168212232931559e-01,-2.590114193823494504e-01,1.965620604163917928e+00,2.883608062541454409e+00,4.031109070350079315e-02,-6.113394111948116105e-01,-1.266161827323269318e+00,8.147203120026160761e-01,1.659593208307383660e+00,-9.188120805039569072e-01,-1.563557588461092829e+00,2.436283621891125684e+00,7.875246811228828747e-01,-6.707453249613082313e-04,-2.124672882109430727e+00,-1.532400451740758340e+00,1.035551717741544753e+00,2.772273476467362663e+00,-5.858762399576038504e-01,1.053752075611081640e+00,-1.523997696713324856e+00,-1.854210685599559705e+00,-8.296654789372057137e-02,-1.501855226889033945e+00,3.964829385602388068e-01,4.465779381602634768e-01,2.015796836541706050e+00,1.164808721489519083e+00,-1.122487044296146319e+00,3.313365740530391235e-01,1.263778588668154068e+00,-2.046140077412660574e+00,1.375367194573552831e+00,1.721633185928925336e+00,-1.641493846634460407e+00,3.120126431247504661e-01,3.483504683750160424e+00,6.336639658892223581e-01,4.499617600314734789e-01,-4.054778593451578983e-01,-1.624010911923807088e+00,-1.650301805247098574e-01,2.256218283217038323e+00,-5.335379458034349431e-01,-2.937510310520908607e+00,-2.628538682341799326e+00,3.813037786244493521e+00,-1.160834068387028184e+00,-1.249893568985639192e+00,-3.168889541534122278e-01,8.865910415903334174e-01,1.249612524969778704e-01,4.285028368064034421e-01,1.564127999598688978e-01,3.745243467880886579e-01,1.673164712493151685e+00,9.009194366342880844e-01,7.875491077510126114e-01,2.389812477958225490e+00,-5.160086578047899941e-01,9.073306285706199681e-01,1.082835048406424860e+00,2.438761987988509183e-01,-1.375073867374951631e+00,9.902110418862883900e-01,5.258622299224723351e-01,1.501500636611166895e-01,3.394311777889215120e-01,-1.270079325361590517e-01,8.397877524041579278e-01,-6.145172774072533706e-01,5.266114334047093948e-01,-1.053169196592477430e+00,3.482156297270048828e+00,2.195498070421497694e+00,2.186497743936536953e+00,-7.516425373053982062e-01,-2.792510968015481598e+00,-3.527476306454787602e-01,8.065577474988258055e-01,-1.394550348044989230e+00,2.904558927306858163e+00,1.852578217092381241e+00,5.127384559335139702e-01,-1.947345033309827889e+00,8.012063193220833046e-01,-4.272705762440871524e+00,-9.646042690338861858e-01,-5.702740603186062796e-01,-1.621815874329956275e-01,-1.898492807547220718e+00,3.963949990539243462e+00,2.097251155752771767e-01,-1.650900852260144547e-01,2.342750015096906946e+00,-2.905596003603568178e+00,-1.433837038860780622e+00,-9.659380479172365030e-02,1.418530333563564616e-01,-2.089926184580791713e+00,-7.738278170853312155e-01,1.473573559452867610e+00,4.277475239963080433e+00,-1.623421902283510132e+00,-1.305756439553078518e+00,4.172205335392488723e-01,2.317707821787988454e-01,1.507213277880490976e+00,-2.404335961330273719e+00,2.395861316074152647e+00,-9.463820998968677234e-01,-6.753510724512045149e-01,-1.619025148075420306e+00,7.645055991412896823e-01,1.269174833777926503e+00,-2.405557635437845398e+00,4.011692639216827283e-01,1.753385880495008209e+00,-3.278914331620090827e-01,-3.141010094084083715e+00,-3.480615708855690493e-01,-5.077983937152625860e-01,6.142197879865481935e-01,3.378047695413626261e+00,6.430932178536726829e-01,-1.520793951463715210e+00,-1.406265402533443343e+00,1.283034298700714393e+00,-3.139008029506367148e-01,8.065559712487986310e-01,-3.592347806124299159e-01,-1.629295000506604252e-01,2.226075045461199942e+00,4.868264539684166725e-01,-1.229798629038308055e+00,-9.885096712988149514e-01,-1.429637517492313936e+00,-1.543532317093211592e+00,8.452727159263564438e-01,-7.167054101594555471e-01,7.410310228872449834e-01,-6.347045348120076980e-02,-2.545620768827124181e+00,2.966674554717612655e-01,-1.310103791197382073e+00,1.394358009526839082e+00,-3.580835528845004445e-01,1.256512396666867204e+00,1.321671700648272996e+00,-1.939402505022823853e+00,3.773463613696442565e+00,3.124153049778962132e-01,8.205778905091295483e-01,-3.070989453633797606e+00,-1.137770782156323907e-01,2.179365261216992256e+00,-4.328726157772887495e-01,6.227737792182845844e-01,4.303862949432371576e-01,1.012143615979109734e+00,2.121585472608748801e-01,-5.613001249400002557e-01,-1.065653531992829084e+00,-7.198052513277015674e-01,3.271190386666051442e+00,5.161566048639004700e-01,2.142952986109896596e+00,9.911856046756538641e-01,6.536194801652438491e-01,3.417485728721477156e-01,3.151203121080438319e+00,-3.935329190664135779e-01,3.640472823045299844e-01,3.780100639662997697e-01,4.328598559626050113e-01,2.110071116383393786e-01,-9.114813936813900286e-01,-2.890940524628654362e+00,2.433879404088215848e-01,-7.468763286333999218e-01,9.568615098026242993e-01,-4.689511462920468166e-01,4.489879370183574303e-01,8.396181464885361656e-01,-1.231890683960056965e+00,5.635670475342816843e+00,2.584060320414366174e+00,5.139986991829248453e-01
7.576513470648063020e-01,7.076163718744691300e-01,1.595157371504833943e-01,-2.657615843655396048e+00,1.206378613591779558e+00,3.292558111714922187e-01,-1.772363120184173413e+00,-1.962112395242865126e-01,1.077197261591812616e+00,-5.344514080084562524e-01,1.325926497537046056e-01,1.571743679711915309e+00,2.357195701584467784e+00,-6.486513961950955975e-01,2.287680002330751972e+00,8.802902874886464613e-02,-1.473330488146964434e+00,8.792404509734156326e-01,-9.353182199797971386e-01,-1.947560951126953599e+00,2.406263757329512920e+00,1.214112567217493277e+00,3.610471712481977402e-01,-1.825375121472459172e+00,6.608398504766715975e-01,7.693484246198581955e-01,1.759373124008471345e+00,-2.495536808777559512e-01,1.256588355679392199e+00,-5.879977901200471591e-01,-1.608476221910811743e+00,-1.722877329434477911e-01,-1.825361847516284275e+00,1.527663825916132923e-01,5.078724740307132279e-01,1.384102461252137761e+00,1.700109956132553890e-01,-1.512529719909620374e+00,-6.600695019565240296e-01,9.966124584033706491e-01,-1.526728737933790381e+00,1.135036570010237167e+00,4.846359934316560314e-02,-1.832897779495802126e+00,-4.725478589691085585e-01,4.385660874916040619e+00,8.657369390054829861e-01,1.167037294723491381e-01,-1.339065434989046954e+00,-1.934722201447507173e+00,1.486049665691973498e+00,2.158802441653931758e+00,-1.891318714372652310e-01,-3.450447999135371369e+00,-3.028140252457352855e+00,3.841303299105247149e+00,1.096177485297317622e+00,-1.964366641897126620e+00,-7.116063063494464380e-01,1.468558516226885047e+00,-1.420344226864640458e+00,-1.126196400827346844e+00,-4.192154206498138747e-01,-1.444724730891967512e+00,1.845097125981373543e+00,-4.613666057015878424e-02,9.110864597063896841e-01,2.348763400992095907e+00,-4.273355637600463330e-01,1.112385923959587686e+00,1.086349214956214698e-01,-1.116117792038208434e-02,-1.321609930111985465e+00,3.708067196596973591e-01,1.316125954257483466e+00,3.943361163602240871e-01,2.908856924944737132e-01,1.438749451329287998e+00,2.321394549861132417e-01,-1.107658015565061049e+00,3.554985283194008749e-01,-8.157056233073329832e-01,4.090358581671249993e+00,6.706391850017325851e-01,2.098252041471219353e+00,-1.539805890782648179e+00,-2.821668240224505908e+00,-7.804393410539800513e-01,1.254070267318909249e+00,-1.184748606736497401e+00,1.017447457798799970e+00,1.981345427717821073e+00,7.685697815728194104e-01,-1.860214497256956756e+00,-1.754493321536096273e+00,-2.045777741812905948e+00,-1.825963309796657885e+00,-9.112491291962167006e-01,-9.155449865552714103e-03,-2.164973389845717744e+00,3.352833306377217326e+00,2.315991181111733521e+00,2.223695207433032672e-01,2.377040867120015832e+00,-1.535180817986575574e+00,-2.269446269959129570e+00,1.641783279966432252e+00,4.228091942741505488e-02,-1.132747375469864259e+00,-1.149461823952880435e+00,2.093162192138763533e+00,2.962922819807928043e+00,-1.137265611086885064e+00,-6.809819245863249493e-02,4.315233370381629241e-01,8.767153759448174100e-01,4.027727433971851623e-01,-2.066854809001053006e+00,2.141397196425957272e+00,-8.069066567831771897e-01,-6.382571738745890233e-01,-2.525090685555633763e-01,1.477493341269237703e+00,1.024775917187734198e+00,-1.516651572814444737e+00,-3.410594732198553025e-01,4.170650599516675938e-02,-1.840289337312344536e-02,-3.006661641187164058e+00,2.493859046168901972e-01,7.591746518976921765e-01,1.484078871627282581e+00,1.660884970929143556e+00,-1.357057663551179960e+00,5.208874100958991171e-01,-1.813694329875969791e+00,1.306406372123914306e+00,-5.836496124326736590e-01,4.389945765028070435e-01,2.678188327897901289e-01,-2.048071774576721016e-01,2.636478967427591691e+00,6.845229452373396972e-01,-2.749679588894147653e+00,-7.241574041335254730e-01,-1.359764177087207315e+00,-1.508925548763195845e+00,4.153232984223771962e-01,-5.796150611554761189e-01,8.173188494889473965e-01,-2.041999267566360299e+00,-1.845610827181914271e+00,-5.119398202522162933e-04,-1.413230130329223844e+00,1.652583336646471279e+00,6.224787067049844524e-02,1.524627988958476621e+00,1.642896617820442051e+00,-2.130396765792258229e+00,1.253010874982369849e+00,-7.329322305499123003e-01,1.814412178625348204e+00,-2.265441471891506797e+00,-8.014048126849294268e-03,2.847416075948394187e+00,-9.197828353384980282e-01,5.455836911206416451e-01,1.855850725095828491e+00,2.783200342132861604e-01,1.303222422621498344e+00,4.278818790406441752e-01,-9.806577744294633359e-01,-1.126312130051934091e+00,2.417658058735708604e+00,-3.557541211761184874e-01,1.871042389758817537e+00,3.751870223841079488e-01,4.113698698428463474e-01,1.544569806093636810e+00,3.018836153211691631e+00,1.016237159838332182e+00,-9.391519218132343694e-01,7.320661085213174823e-01,4.787706008683917380e-01,1.063346057256334132e-01,-2.250492870437024173e+00,-2.386212272342444596e+00,6.736819832713886180e-01,-7.734428944535300943e-01,-9.085817350334289833e-01,3.278942817172295632e-01,1.562142373657894545e+00,4.596730096410515665e-01,-1.332165094851276876e+00,5.528202254513479019e+00,3.233615885550208180e+00,5.542396207746135284e-01
-4.552080418151399632e-01,4.507110687414452310e-01,5.022049412394954393e-01,-2.707721539094289476e+00,9.314606488918524274e-01,-9.553713686323864751e-01,-1.726170094933153321e+00,6.986418652986911004e-01,1.869269382106539590e+00,-1.935393483478675236e+00,-1.715405391812712677e-01,1.867481134331824721e+00,2.325812173745215983e+00,-1.592905741464471836e+00,-4.502027777278800325e-01,5.823181905120468072e-01,8.968280579221507010e-01,1.290430286900288159e+00,1.047925597505684758e-01,-2.202355248608476757e+00,2.003229731220236509e+00,1.204107551520324781e+00,2.798871359386129742e-01,-1.333899955967712048e+00,7.242253478071198902e-01,1.179215584618241941e+00,2.633258203236727990e+00,1.510403352800928911e-01,2.775994003764095552e+00,-1.636230666584034488e+00,-9.766121775233269631e-01,2.377696039166455888e-01,-1.445932976010671389e+00,5.461556239643536315e-02,1.125219787913042113e+00,2.188312058935872884e+00,-3.839764301257195256e-02,-9.589948018059392121e-01,2.666926718623829906e-01,1.031162980421003406e+00,-1.756279656760127761e+00,1.778649071023595818e+00,1.460027976410542605e+00,-2.040144796381138548e+00,1.175426710491619620e+00,3.528155026522640458e+00,4.942244220285091361e-01,9.884014438783826906e-01,-8.729723468754255755e-01,-1.813989399915715062e+00,1.744196966036826169e+00,1.954956698473709453e+00,5.433475260574965188e-02,-3.675205985075260973e+00,-3.436375603766075315e+00,4.475423006313270946e+00,-6.241655658487754721e-02,3.952755949769701793e-01,-2.290414460345766567e+00,2.256666436767064354e+00,-2.032036598498766777e-01,-8.423653350126094619e-01,-3.667582672559430157e-02,1.964273360252385692e-01,2.212691489237498921e+00,1.625656287480416351e+00,-1.491092285047840971e+00,2.024599050838100656e+00,1.198944468221416093e+00,1.696353319631781709e+00,1.024737052504617330e+00,1.496655709917369181e+00,-7.309116420634381717e-01,2.183781021611307382e-01,-9.673208870979091989e-01,6.413626090113077050e-01,-4.809167554634109498e-01,9.233067613342710311e-02,-5.896677811227649113e-02,-8.882759802990727316e-01,-1.728492473057962608e-01,-1.172566479762501501e+00,3.724463033365687181e+00,2.045590036847704685e+00,1.689401457999470946e+00,1.176535203442737432e+00,-1.863105194940904541e+00,-1.981312020933280738e-01,9.856566411847900167e-01,4.753810025917966087e-01,2.990407799035030845e+00,1.632290243932160045e+00,1.718740202083579027e-01,-2.295401580201104963e+00,1.103995950024109884e+00,-1.246450406936049582e+00,-1.530595395184800811e+00,-6.503340100316077343e-01,1.475532233842999918e+00,-1.737098503773813585e+00,3.255331376027946533e+00,2.146505173878710870e+00,-1.923095582080328048e-03,2.410653308970383879e+00,-1.833111172124811672e+00,-3.100004780342233257e+00,-3.746053701271016556e-01,5.757119185203704581e-03,-3.164996233229700362e+00,-8.221339285539821518e-01,1.657611127761916325e+00,2.302819213177214053e+00,-1.324268971232620329e+00,-1.562260799271388834e+00,2.021887732898864365e-01,1.230612076186212267e+00,6.874414130621949726e-01,1.265100477582329352e+00,2.428190222953347188e+00,-6.008294184335893906e-01,-6.539176083179076837e-01,-2.743879299541207573e-01,1.007752461007125788e+00,1.704774785296862660e+00,-3.550045011899561676e+00,-4.096725889961062572e-01,2.354295480552740516e-01,-3.720946992600312475e-01,-2.989186242273774496e+00,4.013085029194901621e-02,5.563235425948485080e-01,2.346844627084165413e+00,3.273476736949998855e+00,-1.852221432682922553e-02,7.044432583939929104e-01,-5.794837748774731567e-01,1.705211836849767737e+00,-4.245919709970526201e-02,7.836819738199027885e-01,1.812837665192650050e-01,2.592611097066699899e-01,2.065647441509228965e+00,-1.433022048093321177e-01,-3.002391100738679874e+00,1.231824692776079200e+00,-1.216863932645443791e+00,-1.475135329570337772e+00,-4.152803474674016115e-01,-9.259305407866009752e-01,6.185302102682076475e-01,-3.753463892756457865e-01,-2.185549883142385852e+00,9.154699031957558297e-02,-2.590268659274223673e+00,1.162500643232095454e+00,-3.893461395258324687e-01,6.913506091485257521e-01,2.099310481592204791e+00,-2.114014132507297195e+00,3.133110941657824444e+00,-6.608765957373201605e-01,2.123659879087949953e+00,-2.251127813466348826e+00,-9.716455725334835480e-02,2.728290893237340864e+00,5.473552122797403774e-01,7.024405065915498847e-01,1.967283476137294151e+00,6.816490884782481219e-01,1.522198046204221056e+00,-8.236040988590189738e-01,-3.394021480902267296e-01,5.164003216033294930e-01,3.593608644241436334e+00,4.894881705366008751e-01,8.151431608257660999e-01,4.896644263513703077e-01,7.995923185114548470e-01,1.004128033007781973e+00,3.846471797660099279e-01,1.518446514981767859e+00,-5.136049228159322855e-01,1.284968665044999847e-01,6.560476284908876021e-01,-2.428786112552169807e-02,-6.389169294277584621e-01,-2.685093406752962153e+00,-7.919376984146492271e-02,-1.436290127641234537e+00,1.292416572740167968e+00,-8.439987584754499172e-01,1.847474249513304245e-01,1.024881611917966673e+00,-1.230104135157072953e+00,5.830152077012753509e+00,2.485502363656382219e+00,7.276606997792511855e-01
1.852474808034639542e-01,9.211070422341035568e-01,5.635088945944433103e-01,-2.116674481045916600e+00,1.033530924705800658e+00,-8.299595401334748379e-01,-1.645705420498166260e+00,1.824001908883506745e-02,1.365988271906624973e+00,-1.889902193808023378e+00,-3.036141999841076022e-01,1.006603657499825166e+00,2.280601033942827094e+00,-5.188536597374292514e-01,-4.496079474663043363e-01,-8.550410471449697569e-01,8.484345656855816209e-01,1.115132302060239722e+00,-7.468845279285035721e-01,-2.069112462360532145e+00,1.775351587613243076e+00,1.474093925259559956e+00,1.432350384235245189e+00,-2.161036638794607168e+00,8.235864233950463964e-01,1.103878186235270453e+00,2.547088372409717305e+00,1.580582338658879232e-02,1.237076194645680305e+00,-6.762434398613555997e-01,-1.091316019942573545e+00,-2.348221992677831660e-01,-1.678765841001140124e+00,7.219407274767034033e-02,3.650717385367259205e-01,1.851988706435149012e+00,-1.327404794053128612e-01,-1.453947354937130676e+00,1.736002585170270673e-01,1.462080159885193353e+00,-3.315586651038300303e-01,1.900691498124066348e+00,1.290732668871959588e+00,-1.888838531287719391e+00,1.187428924895296056e+00,4.856418345216594545e+00,1.503859991197120660e-01,3.044135656690455383e-01,-8.782571736032674936e-01,-2.219693660958586889e+00,-3.923188543621364266e-01,1.907653630643212805e+00,4.638454600168036290e-02,-3.520514828435758137e+00,-3.414961285784531064e+00,4.636127758817084832e+00,6.976654556847988742e-02,-8.185791068596449671e-01,-9.873542666761884190e-01,-3.412541084587671358e-01,3.569638834865317412e-01,-4.882778176663306602e-01,2.064817848842306347e-01,6.428866785394240502e-01,1.699844776804353641e+00,1.209815522043744096e+00,-1.408580414963770400e+00,2.185886583299371022e+00,4.512546771269196344e-01,1.115677335562687444e+00,-2.528951008877248441e+00,1.106881808628822794e+00,-1.568642058451393595e+00,2.494848848075430503e-01,1.770935472487927265e-01,4.580869336977655415e-01,2.475814348312226909e-01,1.063510913121613610e+00,2.035647660802931691e-01,-1.085400383433634985e+00,8.997174347157679275e-01,-5.301374505694493866e-01,3.693550962813559657e+00,1.952066381680667151e+00,2.129089150564382305e+00,-1.583478095737535840e+00,-2.961871301318515837e+00,-1.024774695675796821e+00,1.368345595982967344e+00,6.137807750511418137e-01,8.651181299759456156e-01,1.537439970951958834e+00,5.801681648660236279e-01,-2.043985372396980971e+00,1.059933051035547802e+00,-1.463209457254163848e+00,-2.205886284768033168e+00,-5.730172824083366034e-01,7.984984743075806968e-01,-1.694270326962209694e+00,3.267252483945640051e+00,2.149410442696616297e+00,1.318289991416014273e-01,2.441443225408888029e+00,-1.809542190164285191e+00,-2.527252090544597429e+00,-4.743123714329549045e-01,2.529997633488325626e-01,-1.565279652503946961e+00,-5.206383603883761868e-01,2.063703399765520974e+00,3.997815785470383521e+00,-1.122318009463508570e+00,-1.200995154411711008e+00,3.066988429920801673e-01,2.663242761003845605e-01,1.338236118728607815e+00,-2.662889763894291217e+00,2.418803592486959975e+00,-7.499302262726377233e-01,-8.084589739183957180e-01,-1.035728987431705495e+00,1.541489816388345258e+00,1.151619280898002806e+00,-3.445711924459384790e+00,-2.180771590892068623e+00,1.824062250416033648e-01,-3.244639838725295600e-01,-3.153076873543462444e+00,9.286418923200964737e-02,-4.716448509301196523e-01,1.263114664105619012e+00,3.225237085414592197e+00,2.452683199405483738e-02,1.063478671090277050e+00,-1.706681138246862961e+00,1.347985454666305483e+00,-5.582612613141316737e-01,8.101948364342176356e-01,-4.506087366423953688e-01,-5.306649862844418086e-01,2.580297095319449063e+00,2.870205939714670640e-01,-6.726415439198683011e-01,1.108193533083393856e+00,-1.129120687541647738e+00,-1.335561263749209138e+00,2.055002771674805939e-01,-4.633875762343787619e-01,9.501647783465672070e-01,-3.881633161499405127e-02,-1.747123270661846695e+00,-4.334421882133660531e-01,-6.637607668600017385e-01,9.722222903427655272e-01,-8.703697028621013021e-02,9.973211154587466876e-01,4.776993164617768794e-01,-1.781185060225409345e+00,3.177228752789706512e+00,5.917368536488820663e-01,9.350914105384384722e-01,-2.432108948599673415e+00,8.197208390360510855e-02,2.636408681465606474e+00,5.236731713899358542e-01,4.908883217417281397e-01,1.657610571353779649e+00,5.740639979231598744e-01,1.743151089749674920e+00,4.419625675523292108e-01,-7.483427036318921477e-01,5.768392287106970384e-01,2.394294027304089134e+00,7.225327320490414484e-01,7.894679902102034186e-01,6.816758140454741710e-01,8.987655319862686287e-01,2.078955395020869179e-01,2.867870484737039316e+00,6.165478412793787832e-01,-4.953287483060743734e-01,7.526291117701090494e-01,6.478674975033640315e-01,-9.441437318468492990e-01,-8.667063093853079048e-01,-2.503871791733334629e+00,5.694649186953147924e-01,-1.365021572736704769e+00,-6.976589878966130698e-01,-1.259180084542592670e+00,8.671531578322959621e-01,-1.574876181699177646e+00,-9.925153902584491483e-01,4.817727560281310772e+00,2.491920984105924219e+00,7.702303485085592039e-01
6.548238197466363930e-01,8.888857559857568091e-01,7.056878221046072319e-01,-2.588457120582356552e+00,1.046338455568012193e+00,5.662078256556857259e-01,-1.648682846338201058e+00,-4.099663106167717452e-01,7.442833259899845899e-01,-1.311682230575647257e+00,9.733956395393159045e-02,1.385196998603787533e+00,2.120071158480596907e+00,-5.675840255825916891e-01,4.786864622293099947e-01,-6.235155801861366198e-01,5.177486115129410482e-01,1.513041474281375365e+00,-1.324378630392355927e+00,-2.099320424096269733e+00,2.074036119117699695e+00,1.549496884277173359e-01,1.550187076655397345e+00,-2.002377570310556631e+00,1.296236953856995555e+00,1.233939429245678010e+00,2.944302735145690075e+00,-7.634386682546462355e-01,1.863123435054947263e+00,-2.303077473713604384e+00,-8.241278183484519460e-01,-1.223071281597241516e-01,-1.636770786899131913e+00,1.800154778192483151e+00,1.300975578133650501e+00,1.059501877087838162e+00,1.113355224726548354e+00,-1.319392753718112932e+00,-6.760934779455696209e-01,2.546031805047235697e+00,-1.901957479839863074e+00,1.300392421775329987e+00,1.350167447888047212e+00,-1.909596290562921794e+00,9.956738789094872200e-01,4.753893579066125419e+00,7.412854898840333107e-01,6.353031878162501700e-01,-1.156240613759048186e+00,-2.203684461884034551e+00,1.341600422981142682e+00,1.760780672296126337e+00,-3.167244480691786546e-01,-3.406648988444582749e+00,-2.851135043547089243e+00,4.603289075466924452e+00,7.193242591276745035e-01,-3.479136271240632072e-01,-1.093611533241190648e+00,9.085406930497123001e-01,-1.271276730106074004e-01,-3.514139064884095331e-01,7.929594255156217075e-01,3.871172999665283276e-01,1.123903184178694170e+00,9.382459865629217965e-01,-7.246544726780010937e-01,2.560131238133360299e+00,-9.504913273491933934e-01,1.094965764935025954e+00,5.888453726550277878e-01,8.752374693004916217e-02,-1.128065717657265710e+00,5.860292056422943263e-01,-6.888150890541172577e-02,8.273437150566750331e-01,1.232989549753633063e-01,1.318815556490917418e+00,5.318808553101910253e-01,-1.298119231885786373e+00,6.735486666214741680e-01,-1.166521334866567061e+00,3.407480660004944539e+00,2.447062865220874794e+00,2.856128660034158440e+00,-1.752415347638935916e+00,-1.025947779570113516e+00,-6.898760281255840177e-01,1.182224863350812560e+00,-1.129172251217636758e+00,1.135832591317744944e+00,1.761961045901167644e+00,6.593719691559043472e-01,-1.925313570252134898e+00,-2.031432173562241594e+00,-4.916445985115506900e+00,-2.335751001444195118e+00,-8.284649173929550248e-01,6.026472680440851937e-01,-2.492963461576725770e+00,2.710605583872858659e+00,2.364234342323448868e+00,3.594350498777075242e-01,2.933164189778895370e+00,-2.076557076428857229e+00,-2.277428607642841385e+00,1.227082260439345207e+00,4.010351694514129872e-01,-1.556487507125755343e+00,1.841714212029343378e-01,1.975093000242010621e+00,3.260620173713324021e+00,-1.326619491647398785e+00,-3.513953650862572387e-03,-8.152428327985798695e-02,4.807955013074123318e-01,6.028673166956216578e-01,-1.832231979181811576e+00,-6.438541700591056127e-01,-4.965500577708347185e-01,-5.071414098087845268e-01,-1.516946507292654900e+00,1.283175464934812160e+00,1.239917736182844843e+00,-1.751078364817300059e+00,2.742735552147704814e-01,1.710426384060572680e+00,1.120317603776465276e+00,-3.564425209822851048e+00,-7.653083236201668749e-01,-7.192881647352779018e-01,1.381655568142920121e+00,2.208313145065182503e+00,-7.399573491787163615e-01,7.865164742216825822e-01,-8.254816006235279890e-02,1.073315875231733552e+00,-5.553644111801392391e-01,6.847758494509639249e-01,1.652998869710496366e-01,-2.211824806833553314e-01,2.782737288934025166e+00,2.757135273106342543e-01,-3.274589038357192283e+00,-7.131601825508236958e-01,9.717373652030524278e-01,-1.626193831284345581e+00,8.079222879973670945e-01,-1.327409203287219785e-01,1.061164009276217790e+00,1.376085260010878608e-02,-2.224594698218979705e+00,-7.100527202487304512e-01,-1.466479916909820602e+00,8.244538017270129915e-01,-7.304144397393583787e-01,1.721753284219466495e+00,1.701181591535349202e+00,-2.032070389867960625e+00,3.205929289546413763e+00,-5.363644972010976897e-01,1.891620344429786993e+00,-2.242469322487676830e+00,-5.245016494155041453e-01,2.353338463582657525e+00,-9.084834141842708100e-01,1.368055421119771742e+00,1.581168466912284742e+00,2.072555176598364635e-02,1.684265535141523884e+00,3.906083677752997252e-01,6.071207939053363534e-01,-5.626309202533943399e-01,3.178798262684604747e+00,7.966275150430759400e-01,2.438514349719084429e+00,9.287423197368237515e-01,1.201615234506746788e+00,1.466923368992148757e-01,2.899257432464896311e+00,1.824578238636819005e+00,-7.722844946569512592e-01,4.608929628659745870e-01,6.803572206182217919e-01,2.242946604567020163e-01,-5.558548350391254722e-01,-2.305859413249522927e+00,-1.054307334477293523e+00,2.413227612857417603e-01,1.472444531541125645e+00,-6.611663991943661500e-01,1.282592907803259186e+00,5.669541412234848643e-01,-1.537119421542950004e+00,4.753244653435254818e+00,4.638022238821296384e+00,1.138927797309752465e+00
4.800070101069980888e-01,1.011949483680488981e+00,8.341630592532266464e-01,-2.292551222877279304e+00,7.059175347987316496e-01,-1.903041455156088135e-01,-1.300229356929638147e+00,-5.448450406832638926e-01,8.291116182583045946e-01,-2.098853338276810643e+00,7.816872552004777708e-02,1.042564652395752800e+00,2.001402222768768446e+00,3.031419797194868648e-01,2.371056288532884082e+00,-1.187780221049845153e+00,-1.712311410585501958e+00,1.496401991927431840e+00,-9.682379850289796197e-01,-1.992438329770991778e+00,2.682054550482723343e+00,1.111273153680714332e+00,1.402600098013998320e+00,-2.025065311477210805e+00,2.109200981406448516e+00,1.386196993642038633e+00,2.888108728021600680e+00,-1.131614672413588929e-02,1.486057031200039402e+00,-2.196951436623782783e+00,-1.526055175590288027e+00,-1.323705343814890467e-02,-1.480468669164815232e+00,-4.051024635949274089e-02,1.562409373565140758e+00,8.248912159242045572e-01,2.881953223391294228e-01,-7.024561472110012472e-01,-6.361352576092618172e-01,2.573168362551968791e+00,-2.078913195814744430e+00,9.499074431193429424e-01,1.812610011251635900e+00,-2.165841880840663425e+00,1.019008290871656897e+00,4.505099871654322463e+00,6.738875617933171025e-01,1.454380500388406272e+00,-1.060123642771651831e+00,-2.093435678748734929e+00,1.298494784111779987e+00,1.657092161756276161e+00,-2.800148517670943971e-01,-3.236089126531306981e+00,-3.356278827890659233e+00,4.736284295198171179e+00,-7.444446280527377002e-01,-4.232875261562041302e-01,-1.064713175891759400e+00,1.101537179319537207e-01,-2.075856307179099469e-01,-4.827287664954156288e-01,1.306880411350267446e+00,5.623106975646261496e-01,1.958716135538199232e+00,1.191039909223630122e+00,-5.136328796528287777e-01,2.658731950972514468e+00,2.653595272285116380e-01,1.653948780306733202e+00,-3.988486815750199588e-01,2.589236605792315515e-01,-1.387736630725548537e+00,1.005526408348473622e+00,1.823449658702475551e+00,2.910596154308813799e-01,1.533869312364882220e-01,1.261791312363196971e+00,-5.664029960558236709e-01,-1.129429217018144360e+00,-1.553243472951842952e-01,-5.173737641460990355e-01,3.501059992646033958e+00,2.433985923833853260e+00,1.942077436294587400e+00,-1.480875680345556278e+00,-8.798224299050582120e-01,-8.365483658545744827e-01,6.975729068715211811e-01,-1.099906236422340422e+00,1.079556572000153869e+00,1.556995289355647127e+00,6.068060409892120921e-01,-1.648433331705608573e+00,-2.092187988924864683e+00,-1.822024765102467025e+00,-2.134303750791473053e+00,-9.890546337229842999e-01,7.920344893944422093e-01,-2.263281218852897680e+00,3.127027549912009707e+00,-3.300037356945751399e-01,1.569136708967670546e-01,2.602141301207141044e+00,-2.231406032709740028e+00,-2.042564610122118651e+00,-2.379846440167590615e-01,1.839479680444340293e-01,-1.560053249951862231e+00,-1.513635823900125077e+00,1.789545046576713760e+00,3.030838678857518786e+00,-1.282390716137062237e+00,-2.399609865301819966e-01,6.670247169140886001e-01,4.634110201958021036e-01,5.988997925546236667e-01,8.537143222484905314e-01,-7.785738236376500421e-01,-9.009360163619477557e-01,-8.989211459599127929e-01,-1.155086152479586570e+00,1.979331355294651207e+00,1.214235563099910875e+00,-1.760748698496438669e+00,8.200789050823802384e-01,1.794164833494815703e+00,-5.315035772234688594e-01,-2.752888793439775217e+00,-4.052005155701056127e-01,-6.775047115507825124e-01,1.353418671490159486e+00,1.557513130359545972e+00,-7.022176460480518134e-01,4.729270040517444817e-01,-1.986098635412426372e+00,9.588848198022263958e-01,-6.871268481768644243e-01,1.251987474602733297e+00,-4.011807946524191815e-01,-2.351237402055733061e-01,2.770348029999860628e+00,-2.965972325856776060e-01,-2.090221025068070837e+00,-7.774666639918951239e-01,9.078292157781220340e-01,-1.647153569599085987e+00,8.288798390946784389e-01,-2.699200332436942684e+00,1.043060189688675754e+00,-8.430928614677404287e-01,-2.257392331577048328e+00,-2.555880970549344600e-01,-3.916189239389487597e-01,1.456126708094128697e+00,-8.179027215914422833e-01,2.038693640468145052e+00,9.557121749539156941e-01,-1.281581498850181688e+00,3.700994687268100769e+00,-6.099146938910398053e-01,1.869032783796556130e+00,-2.446602447587743256e+00,6.108073139167657928e-01,2.198234755337370672e+00,-8.687645807380910412e-01,1.217342236020819701e+00,1.661243370673933573e+00,-7.700175051205376819e-03,-2.481820920521110585e-02,3.503523427230281762e-01,-1.214789543962951468e+00,2.730709695862454378e-01,2.770805718250578309e+00,-1.019049545845879812e-01,2.134620108367389690e+00,6.518833194755476734e-01,3.405118872179984102e-01,6.495567228898869727e-01,5.662707557038259010e-01,2.620384898997003553e-01,5.560917761199402065e-01,-2.879076606590040832e-01,1.177385733087489950e+00,5.358565827829828709e-01,-6.803124231714127168e-01,-2.669393348664470977e+00,-5.407915554522918500e-01,1.347011402576433481e-01,7.408427312360053030e-01,-8.976289560055189520e-01,1.120378798666431974e+00,7.022710883893721334e-01,-2.432877974497755780e+00,5.487204314891201307e+00,4.593286291308303682e+00,1.166118202200225884e+00
6.469414895646189434e-01,3.878293765197179943e-01,8.378056735210970274e-02,-2.493119942207022266e+00,9.903999228937385713e-01,-5.937727823147365136e-01,-1.895935775705886339e+00,-1.236609557518801167e-01,8.190438955212536731e-01,-2.177911464961010957e+00,-9.054152114494495862e-01,1.810396782528187698e+00,2.889847276461951608e+00,-1.802811751938950824e-01,1.080834188733138662e-01,-1.128099130738997591e+00,9.313861444212407914e-01,1.458868525313553377e+00,-1.003928011695707223e+00,-1.603933876481460796e+00,2.405781113028070628e+00,9.966492522003940202e-01,3.197769640653729817e-01,-1.913605765737983910e+00,-9.036251687619388795e-01,4.593360818002620860e-01,2.131998145702249658e+00,-6.127886285653922904e-01,1.753313551787346158e+00,-2.226911754524366849e+00,-1.796351374616445007e+00,5.656414033356569337e-01,-1.740779129567458394e+00,2.498390203092639983e-01,8.264981712428587368e-01,1.971731356191003259e+00,9.595166188916217642e-01,-1.068435700856527282e+00,3.095292617073907016e-01,2.709268157488032625e+00,-1.468065441257661474e+00,1.925820044078948801e+00,1.725276435372057993e+00,-1.567102598017056536e+00,1.304485803080524642e+00,4.727643465626286456e+00,1.028812657065152125e+00,1.408249407880340254e+00,-5.325530768788077074e-01,-1.355866530961699956e+00,5.962387073330117221e-02,1.657352318700760829e+00,3.261283706850773845e-01,-3.292715854140379150e+00,-3.201195957988501206e+00,3.683363982070138043e+00,1.260170186404747206e+00,-1.119143584036011330e+00,-3.098803644466885943e-01,8.563585494225592898e-01,7.365879787408585733e-02,4.115554149916734183e-01,-1.869692112532218564e-01,-6.165070763983718782e-01,1.478756754413609320e+00,1.245400993075971074e+00,8.109632839129361503e-01,2.625341798576605434e+00,5.882001642854485235e-01,1.719834515573927636e+00,1.069205546784021799e+00,1.085414979495617160e+00,-1.418717356940524699e+00,6.382729969203341236e-01,6.076580417766250797e-01,2.857611307177309601e-01,6.149814979683748684e-01,-2.874310953539747082e-01,7.570942209541127177e-01,-7.608270120711272400e-01,4.810914079048740910e-01,-1.201577886112353388e+00,4.235689809069878464e+00,1.055663302235747114e+00,2.429798450407883337e+00,2.224887211071816528e-01,-1.653878089069044544e+00,6.541540135396137212e-02,8.849782408676578616e-01,-1.364866057351492579e+00,2.839491227520830829e+00,1.644042446255494339e+00,3.642373389730463318e-01,-1.981105549435473012e+00,1.676543106338543310e-01,-4.193645965545595544e+00,-1.129871657840528343e+00,-1.052452204872355690e+00,7.309728421195237358e-01,-1.989961980828792720e+00,1.665712360532528358e+00,1.533009821724240218e-01,4.764531374456020263e-01,2.953216461704419871e+00,-2.845083828300978279e+00,-2.794887266560311279e+00,1.745685964970205006e+00,3.079039325100073610e-01,-2.060579450631633947e+00,-1.469744628858465241e+00,1.529077873267846499e+00,2.253660470634816004e+00,-9.232218091150680150e-01,4.310197102517496215e-03,1.598505330952704195e+00,4.738363156951778121e-01,3.791974427820682392e-02,9.027235129221095056e-01,-1.008277147395302054e+00,-5.882011715666518592e-01,-4.379290033500809476e-01,-1.655332584855153666e+00,1.004915221444655060e+00,1.082398989499251396e+00,-2.121528627913611853e+00,6.105663624564409142e-01,1.985065252851491602e+00,-1.176199215787600144e-01,-2.588921726695804892e+00,-9.029625929048427091e-01,-2.053611909944223490e-01,1.538618853450242074e+00,2.044073246228796048e+00,-1.698523398856277289e-01,1.744018582725700650e+00,-1.416860625411553887e+00,1.170551103296730178e+00,-1.564496949684291982e-01,6.320109087411982518e-01,-2.424176836813952962e-01,-2.218596214207860795e-01,2.769503381767549399e+00,-1.457938917418041269e-01,-2.463529436996350963e+00,-1.072660397403506050e+00,-1.027461549736386592e+00,-1.625517718815598922e+00,9.216109839427732986e-01,-9.923203845073713669e-01,4.422664551703373026e-01,-7.200729202264852247e-02,-2.339494641642032136e+00,-4.424628536435916137e-01,-1.172219269764205318e+00,1.361551561179507708e+00,-3.324095958668887851e-01,1.153629078219299497e+00,1.685560068788695576e+00,-1.727880437097627286e+00,3.546320468934258230e+00,1.747699746787216568e-01,7.982070234084137628e-01,-2.313358210615758193e+00,5.872120315643518385e-02,2.159951975811511105e+00,-3.257423839590077863e-01,1.169380829989852044e+00,1.703832510243834086e+00,-7.243222994128407644e-01,4.219867423839612219e-01,1.361563261554851190e-01,-1.295735357392322928e+00,-9.690437596667793585e-01,2.752296227590866895e+00,2.677450266633360498e-01,2.440314555638071425e+00,9.008108649785387945e-01,5.145278735359614108e-01,1.398826871063262312e+00,-3.276946773773368182e-01,1.558753512335166347e+00,3.292855836419263937e-01,4.225148928020806549e-01,4.443648960075542442e-01,1.182092794025148552e-01,-2.028244375046091452e+00,-2.540431970245034421e+00,-8.048669880914324226e-01,-1.965501768746715783e+00,9.765500584570688813e-01,-1.142546579195270473e+00,1.202764873075274021e+00,1.071989471877581090e+00,-1.648054532958027174e+00,4.594081290575832810e+00,2.439480506737703891e+00,1.642635801239914040e+00
-2.207220509597164759e-01,6.214321167006281454e-01,-2.660190535512305110e-02,-2.740558279777559836e+00,5.192792621713098189e-01,2.079854065801425012e-01,-1.440584916361735024e+00,-2.003311285415001752e-01,5.492653349450276057e-01,-5.474406005313300350e-01,3.566788034554058129e-01,1.907765141682891130e+00,2.732015536096998876e+00,-1.552261698513595078e-01,2.379389318456822000e+00,-7.408499161091282037e-01,-9.970104945051521117e-01,8.035162865070937244e-01,-3.970967945069581173e-01,-2.448098621881928394e-01,2.386814997591830245e+00,1.428021441658065882e+00,8.092687036794291022e-04,-2.139736927170498237e+00,7.313546855129624547e-01,9.999953539032803151e-01,5.571067935205986643e-01,-8.022305589487512822e-01,2.678440321597449270e+00,-1.552837581848115267e+00,-1.037897259187437138e+00,2.504536107710803594e-01,-1.898758299973082764e+00,4.110169364378168932e-02,6.939206470046693775e-01,1.255103415243046472e+00,8.487565349045961272e-01,-7.281448367727314519e-01,-1.545923018762409007e-01,5.186308178450221851e-01,-2.400363336711687001e+00,1.270795492825859352e+00,1.258178212940677554e+00,-1.612541399826392885e+00,1.192079544959612658e+00,4.562270784572475257e+00,5.391070883370812500e-02,7.761674661500786998e-01,-1.389449339108036474e+00,-2.070600977422210498e+00,1.239272631950712578e+00,2.261777844793235737e+00,-9.433753615447579843e-01,-3.193531347060441394e+00,-3.654183695785601760e+00,1.431732858624707561e+00,-1.682603073347992972e-01,-1.001823475970383681e+00,-8.364677820207313541e-01,1.454279921100022355e+00,-7.759559563326746678e-01,-6.595532388973519566e-01,1.543983249894207210e+00,9.989498329689899814e-02,1.497048705571248028e+00,9.741447613490251678e-01,-1.572083825551251035e+00,2.436675616033417757e+00,-4.474960779977098513e-01,2.308784178555824962e+00,-2.388573051305364348e-01,1.376123085075604324e+00,-1.131780487963119697e+00,4.944168165016753491e-01,1.065161902397948834e+00,4.447297258969404310e-01,-4.105322456697109157e-01,1.012376196309565435e+00,6.597966017918927006e-01,-9.895256907525066259e-01,4.390771238170980695e-01,-9.697734821546286632e-01,3.526802579424406670e+00,2.098304133649053771e+00,2.098090933354451515e+00,-1.378762811000943778e+00,-2.690271416664264059e+00,-8.151125143913562354e-01,1.068164289561153391e+00,-1.096206289091023134e+00,3.287106478496268913e+00,2.084830888683111727e+00,3.570564663782402337e-01,-2.137902396300862762e+00,9.713053736460939280e-01,-2.038168406696287960e+00,-1.357875484443534120e+00,-8.336479789627544434e-01,-6.430332391000740389e-01,-2.103762653628190815e+00,3.450238543659374546e+00,1.860332305300554712e+00,3.192252041384748829e-01,1.381749546816965379e+00,-1.496051851921119891e+00,-2.652099438424189604e+00,1.514240056158956405e+00,2.007468036492560337e+00,-1.277942819506932226e+00,-1.670263495398197628e+00,2.182000078684130262e+00,3.174280847031889508e+00,-1.009877876819828213e+00,7.258789746973975943e-02,2.305203100798713489e+00,1.131241455985577016e+00,2.706408910149031843e-01,-2.530692693659839509e+00,1.169434596316131447e+00,-8.779709252119776153e-01,-3.323723806435580075e-01,-4.617188451663289395e-01,1.633466232294705556e+00,1.575125537697795064e+00,-1.758543807304994155e+00,-6.871354953359178064e-02,-1.679802457958786965e-01,-4.600003421513227941e-01,-2.818369982336029977e+00,7.415655803233972554e-01,8.130779021834677600e-01,-1.161693945799070621e-01,1.803322619540267624e+00,-1.118474800677198067e+00,8.924838459085029374e-01,-7.753637464809378654e-01,1.537656487863535482e+00,-6.806305501152970505e-01,4.800186425967938320e-01,-2.605954293023182711e-01,-3.058625258473052777e-01,2.759609311081651306e+00,2.163314197607950073e-01,-1.941026772355644692e+00,-6.405722407975734667e-01,-1.558044340443751397e+00,-1.331265409577895964e+00,4.744053928792610342e-01,-7.776955026866647636e-01,7.022508639524798202e-01,-1.906520139826613169e+00,-1.931983871993085966e+00,1.538582157524462368e-01,-7.488466466678518341e-01,1.512930575911747288e+00,-1.109947254506421732e+00,1.652864234714388258e+00,7.494260585307521705e-01,-1.801823575737360850e+00,3.057766555668072428e+00,-5.674816598768057663e-01,1.789686769323548754e+00,-2.208449715947330194e+00,-2.372854139597702361e-01,2.755271566743558331e+00,-1.904908620309525014e-01,8.626854106967681846e-01,1.626436565026528003e+00,-2.204155193579409588e-01,1.311363022270829237e+00,3.739086558231379254e-01,-2.519266728422838164e-01,-7.299909708539364939e-01,3.549754416915680721e+00,-4.503194099818297880e-01,1.697997154094051275e+00,8.939777281443811452e-02,5.719845776389498315e-01,1.624702936397646624e+00,2.983050490074159899e+00,1.407757226338250955e+00,-9.842858296522443151e-01,7.780780416624532014e-01,4.919289518979853004e-01,1.230869133373496543e-01,-1.338767198546498838e+00,-3.164107099148065760e+00,-1.119194896111569415e-01,6.104789701490456189e-01,8.544408723982866993e-01,-8.382979918449615653e-01,9.941510741724121081e-01,6.623748494782137897e-01,-1.513382128858022924e+00,4.919634758922602380e+00,3.421524081072212731e+00,9.946507274506932106e+01
8.747873972910259477e-01,2.818146661567341726e-01,4.554782711313024590e-01,-2.558805397414084748e+00,1.000794444236716263e+00,-6.131336469374966125e-01,-1.116097146298952403e+00,-2.108803170355607604e-01,1.438805571058198840e+00,-2.055843789901173668e+00,-2.090573326181434655e-01,2.019877751889033846e+00,3.249011857636529665e+00,-1.064501025048421173e-01,2.483948340193012361e-01,5.783652547212840833e-01,-1.077948220505495769e+00,1.298593455072005964e+00,-1.083989156664691533e+00,-1.527334458817533047e+00,1.813803871524268363e+00,-1.395325077597199259e-01,7.613284436907621355e-01,-1.713503610809518074e+00,-1.419368205342638412e+00,8.952897615749602078e-01,2.828942088953159573e+00,8.668038087858476182e-01,1.200548830134577027e+00,-9.104810001754730653e-01,-2.487162616218335565e+00,1.090048507334744121e+00,-1.228381656689906842e+00,1.454737736668806125e+00,4.332411583829638424e-01,2.117994678018240595e+00,6.997625603690091900e-01,-1.052681667935588150e+00,-2.539394538116103717e-01,6.952738322443535735e-01,-1.953279379299476926e+00,1.107280537816709653e+00,7.196651447498418896e-01,-1.687305579130591537e+00,1.066239659764797398e+00,3.553031475171010811e+00,6.140293557832495752e-01,6.011875419442155311e-01,-1.633115455223498769e+00,-2.321021014638134261e+00,1.017814457437267839e+00,1.896735159918540692e+00,-4.859606390595995751e-01,-3.708118600561885359e+00,-3.232638083424172581e+00,4.588818795040772613e+00,1.054787357192591424e+00,-2.430699193251852908e+00,-6.402844066759723063e-01,2.298995244788017978e+00,-2.394545798043501983e-01,-6.257626455366751550e-01,2.252089884065793246e-01,-1.020241671592128307e+00,1.517003966628228451e+00,1.584931194198293758e+00,4.879259238192804604e-01,2.379147228389357327e+00,1.062188440015951363e+00,1.555103242791917140e+00,9.087993336465974847e-01,1.316522001500535222e+00,-5.021347109262279673e-01,2.533578698231654380e-01,1.575629635497202585e+00,2.450884043291143399e+00,2.782630366234244867e+00,4.255089550492516248e-01,4.004001200294703133e-02,-6.875708631500426771e-01,4.996511846248170574e-01,-1.077261369372022326e+00,4.056213179217464493e+00,2.532008666502947758e+00,2.379727714404460848e+00,1.133612679742309615e+00,-3.220429177882612848e+00,-1.097128489590252887e+00,1.775486469053498162e+00,-1.358887008664069196e+00,3.105703744258463850e+00,1.598166387470888017e+00,1.018925193225956649e+00,-1.850084071274752828e+00,7.908833700706647818e-01,-4.387082365907212456e+00,1.569313821825610300e-01,-5.405342682183871261e-01,1.755620450563043944e+00,-2.143487837052055589e+00,5.425336989853691838e-01,1.934648156136873354e-01,3.075731745919648707e-01,2.854767936720148391e+00,-1.268583209749855056e+00,-1.478111833336986702e+00,1.470718778247802616e+00,2.192872424868748560e+00,-2.211969081836871798e+00,-6.625557088200663136e-01,2.284929532345376213e+00,3.142061114578219350e+00,8.906938306178642240e-01,-8.555349208851634746e-01,9.136751101955973287e-01,5.344234617942017485e-01,6.561876763889747943e-01,1.020287012221887002e+00,1.846710508265874573e+00,-1.399992030763632878e+00,-8.602843542787668163e-01,-1.767131493026553590e+00,3.843390583336308453e+00,9.310243286879278379e-01,-3.327251996743105789e+00,1.566409615098446340e-02,7.062311550161383122e-01,-2.196463503849585552e-01,-3.362638798806690588e+00,-4.159902125927950056e-01,-1.222100693783803704e+00,1.733387685029198932e+00,1.987595548302779846e+00,5.362252324500242917e-01,-1.664504271933906265e+00,-6.827820472634327231e-02,1.695103357774069730e+00,-7.486915674636839269e-01,-8.822644033272751818e-01,-3.544323910678887635e-01,-1.071599913059381043e-01,2.187440331557550799e+00,1.165845477693090160e-01,-2.121363584421736448e+00,-1.047316307167114324e+00,-1.037564965312608001e+00,-2.019748218253051064e+00,-1.045496695378638485e-01,-1.206087974653903938e+00,2.720368240230519041e-01,-1.036482964190672762e+00,-2.412390535200517494e+00,-5.285371169575289185e-01,-7.307183312829037547e-01,1.565110631819456533e+00,8.038833177061067981e-02,5.551772911850958447e-01,1.980119839992372510e+00,-1.527971799930697205e+00,3.217603490000925159e+00,-4.891187279503410590e-01,1.780827865888702011e+00,-2.272247458637776329e+00,-4.790995634629099942e-01,3.379635218176330280e+00,-3.303140000260886833e-01,5.956407839923143488e-01,1.415934152279294977e+00,-2.531009977493103302e-01,1.868362797192598679e+00,-1.003135160158281192e+00,-1.208147367429471819e+00,-3.634848956517421348e-01,3.555128911254062718e+00,3.603015764475974714e-01,1.955889416816155357e+00,5.412022967015641672e-01,6.017727496430185646e-02,5.198025614708829956e-01,3.024019356006630854e+00,1.810093991610571607e+00,-5.134761902841756820e-01,2.164852268885586462e-01,1.812988298869435910e+00,3.497729713220435466e-01,-8.980359147480861948e-01,-2.464149781174406417e+00,-3.057277724536818786e-01,-1.521965787741084153e+00,1.245826871601587893e+00,-4.592290810435136206e-01,7.737414116771367256e-01,1.293653272590356895e+00,-1.288146692635441015e+00,5.305603277513979421e+00,1.898206521358977383e+00,9.991065303015790278e+01
7.199388790529681614e-01,1.175372469458174418e+00,6.485998394793862643e-01,-2.395558748801803084e+00,1.241417280603099194e+00,-3.131058153143690959e-01,-1.907663800134717258e+00,8.031613900875786416e-02,2.138914608142398865e+00,-1.989075596383259370e+00,-2.930814295321932939e-01,1.216219485024937264e+00,2.237694790186582239e+00,2.092789834037339369e-01,1.849228260614640407e+00,2.678687666618760899e-01,8.209655349086415477e-01,1.823180348696368469e+00,-4.986906412539418576e-01,-1.723470083201663616e+00,2.339042053723101589e+00,2.081475683287849598e+00,6.556596102974407425e-02,-9.662074413744272672e-01,5.081275659861475003e-01,8.603245262121889114e-01,2.793394389460451599e+00,-7.302723698125029861e-01,1.158551530421505493e+00,-1.946623726681345534e+00,-1.311817943598674985e+00,1.351298113782795962e+00,-1.781815334837945297e+00,3.784873778208164286e-01,3.519386067871599910e-01,2.213680157162132733e+00,5.663896758489361805e-01,-7.714751396272072625e-01,-1.021086681156155418e+00,2.653378109633226956e+00,-1.580478990251741322e+00,1.354174088685121458e+00,1.513286059065049427e+00,-2.187500032893731738e+00,8.775607634747721875e-01,4.889672524809041576e+00,7.455377620471648203e-01,9.094812824684552766e-01,-1.644284471775900647e+00,-1.857868121519280047e+00,1.096534565709929243e+00,1.811489862850898858e+00,-2.131901335955643795e-03,-3.091834322944343683e+00,-3.226861372522201510e+00,3.562386847903266318e+00,9.130209864711081869e-01,-1.991142671571007661e+00,-9.717427250751711210e-01,1.132512948519517115e+00,1.589241891992945188e-01,-1.092759357317208524e+00,1.602387396608557335e+00,-6.565186279922804458e-01,2.031628595873238297e+00,2.032770273097682878e+00,-1.277570650895575310e+00,1.665746406873106711e+00,1.271992656251535569e+00,9.124171164252519173e-01,6.135290413845511104e-01,1.192351638126372571e+00,-1.215075977505518212e+00,9.779917184930167484e-02,8.292000066836446859e-01,1.998488759099334988e-01,6.882814599160231861e-01,7.723266915582901460e-01,-2.918876531292164955e-01,-3.208932853578154165e-01,2.305760898471986842e-01,-1.259674673204273621e+00,3.542445605717993828e+00,2.512729896632865501e+00,1.955978338067147382e+00,4.437175677332600432e-01,-2.951562487475452912e+00,-9.102330243933254295e-03,1.573105247894783343e+00,-1.464848213120033771e+00,2.703891396272278147e+00,1.628962847978154604e+00,2.936269619772858275e-01,-1.871583116989647744e+00,9.396615794241687247e-01,-4.884164470500220290e+00,-1.418289715203046697e+00,-5.247094100007496653e-01,-4.183321605529269904e-01,-2.379976050587181202e+00,1.496828357455197933e+00,1.734244540793592027e+00,2.519305577093745585e-01,2.167018179457393501e+00,-1.676998568891912678e+00,-2.878267442805582998e+00,-6.836812110621059979e-01,-3.677715897821608182e-02,-2.526808049566335423e+00,-9.050333793452992881e-02,1.578105625181014826e+00,3.082952778797954263e+00,-1.311328786584081030e+00,-7.947844583128658158e-01,1.329182884448725233e+00,5.664574419754655477e-01,1.495067690790092607e+00,1.349702306345153646e+00,1.470496051643533697e+00,-5.940379377579247944e-01,-5.126834583647588151e-01,-1.499255914159793868e+00,7.510354479478157375e-01,1.600150524151166431e+00,-1.908338143377369844e+00,5.593625893942105742e-01,1.840561642318778723e+00,-2.889452002991866886e-01,-3.714446861044256920e+00,3.508670740114712139e-01,6.694091705927124325e-01,6.965122257535387718e-01,1.882224443422535698e+00,5.498094920274132491e-01,1.704273715560544522e+00,-1.350352997770599472e+00,1.689711275011053448e+00,5.435311040683345196e-02,8.660209163570868895e-01,-1.508627715729444208e-01,-2.419402029825696854e-01,2.388035585167762598e+00,2.023156524665249700e-01,-1.901848486568229024e+00,1.231497579996262193e+00,-1.815099602088228625e+00,-1.703818256755818883e+00,3.219028519780882114e-01,-1.612425546821898148e-01,5.651681574706948208e-01,-2.349276299273888591e-01,-1.379841745708606293e+00,-2.178896265059373782e-01,-1.023520760564171628e+00,1.193355827814067904e+00,-1.259753359277278717e+00,9.897315179824482945e-01,1.020879013969074434e+00,-1.609662065646061846e+00,3.183799171482411428e+00,1.714531998354445752e-01,2.166071188158158911e+00,-2.203096454515398150e+00,-2.028592701910927332e-01,2.118969243127391433e+00,-7.112309659056318401e-01,-1.674029637942150428e-01,1.821424257347294740e+00,8.717059827563629071e-01,2.077208401039657648e+00,1.186929797549442223e-01,-2.114659434823002448e-01,-6.914926898690655632e-02,3.556264655560740007e+00,6.534009406702306899e-01,2.111281915826622946e+00,3.736561999415611290e-01,5.312260772457692015e-01,4.554796639973974770e-01,3.414803999638058585e+00,1.913034572260882804e+00,-9.237719304484454108e-01,-4.758829560798951142e-01,5.721499901473975358e-01,-6.759903354269031217e-02,-7.731200399342249563e-01,-2.824092011412746572e+00,8.829379358804066991e-01,4.560303883271578651e-01,1.025310500048615792e+00,-9.464182959812287299e-01,5.289996976485671354e-01,9.904149520418069619e-01,-1.851893552038022861e+00,4.863886902332303031e+00,3.621981933362277584e+00,9.996836196613024583e+01
-6.011885575538340465e-01,5.088879946789109932e-01,-3.197090913847795701e-04,-2.652928697865583274e+00,9.674939750838627006e-01,-6.503431617952583066e-01,-1.773032113089141548e+00,-2.778663365855043033e-01,6.724973214649067055e-01,-8.869817033582474974e-02,-8.863863870340930040e-01,1.876902762380491030e+00,1.985873346610661949e+00,-1.689262866444505296e-01,2.973054080621949646e-01,-1.611851309730130133e+00,-1.161223815362242062e+00,1.479186269714328761e+00,-1.004405945993463112e+00,-1.964437537919286880e+00,1.943769902250537251e+00,1.096944517043060507e+00,6.978358400180606491e-01,-1.663828093029684929e+00,-1.167791067411598105e+00,1.592178198732940309e-01,2.620296822883658283e+00,-4.569502286518070111e-01,1.659276523673913317e+00,-2.105242451914149271e+00,-2.381222650513144412e+00,2.320910261359557525e-01,-1.072159757598468710e+00,2.868098054864552382e-01,1.288718858569768866e+00,2.163524465082532711e+00,5.301863968517011028e-01,-9.691107158472217487e-01,-4.262453694509857893e-01,1.612926472963577273e+00,-1.841606137457542092e+00,1.316089526021444023e+00,-5.246855244070403046e-01,-2.128608663540195955e+00,1.017546277953436995e+00,4.675611017738449782e+00,4.178881712483632493e-01,1.441362347381471842e+00,-1.507928160567487685e+00,-1.445243584849148055e+00,1.092845023657424752e+00,1.265318440510132314e+00,-3.774094273090073948e-01,-3.573167476590283886e+00,-3.174574293746484699e+00,3.419938913145196935e+00,1.220287695693357488e+00,-2.442225464100040710e+00,-4.858259506475581246e-01,2.408140196212438688e+00,-4.054253817138950278e-01,-9.233570289998575820e-02,1.123630918331233408e+00,-9.740316455181829980e-01,1.317385138732239946e+00,1.379400711226151932e+00,5.108385595859972206e-01,2.507280414272762492e+00,8.655139537058109678e-01,-2.854153077038865671e-01,7.641294927516939506e-01,1.000073268877842203e+00,-1.218589096473899236e+00,1.534122976399819593e-01,8.281075659125594068e-01,4.322764981004902918e-01,2.393401341889779044e+00,2.698591516254557066e-01,4.147460112408832833e-01,-3.797065302896792116e-01,-1.856919955187565086e-01,-1.319101036815068628e+00,4.189992967096616283e+00,1.727161279673172789e+00,1.823836639811260429e+00,1.226701511085752094e-01,-2.644307419453515440e+00,-9.602745605114748617e-01,1.548360286129678132e+00,-1.242415374598584643e+00,3.201306570045808542e+00,1.571773088634339954e+00,4.085247970720379956e-02,-2.060734825341885568e+00,1.122060427745004585e+00,-2.088877341755476014e+00,-1.885167328808860399e+00,-3.265921681087116113e-01,1.767867549431646701e+00,-2.220759374071269221e+00,3.240135352043190142e+00,1.522294342392739863e-01,3.244852066213181896e-01,2.917750244044831298e+00,-1.288413529102991006e+00,-2.587028248495659710e+00,-5.189885221021940387e-01,1.293890221197331325e+00,-3.145643346973900023e+00,-6.988529061391257624e-01,2.369819188930585074e+00,2.039539904982621277e+00,8.003532352863527155e-01,-1.277432391535820999e-01,1.597792987734498960e+00,4.174872251142745516e-01,6.208536537504596442e-01,7.030484453042649129e-01,-7.860827092337827615e-01,-4.420603421651445597e-01,-5.990664250056587647e-01,-7.127242948003089662e-01,1.032387625516100860e+00,1.441537005180684172e+00,-2.339626191944393696e+00,-2.378997904021066034e+00,7.369899879495935835e-01,-3.927892425979657709e-01,-3.225344465100563607e+00,-4.272955017950628154e-01,1.923939215644705492e-01,1.626699882194785118e+00,1.922447875158100006e+00,6.665892026662826320e-01,-1.574594378300458120e+00,-1.943075288156557168e+00,1.707907993739867569e+00,-6.835926813067400021e-01,6.789207577835688623e-01,1.789896133832156733e-01,-7.176773203570077642e-02,2.197990182319068175e+00,-4.947527658398366279e-01,-2.630505231868212501e+00,-7.952817582177639233e-01,9.816823580196540888e-01,-1.968922717102059572e+00,8.611281930754454139e-01,-1.055447319227650782e+00,1.053167374632164810e+00,-2.151824757626117912e-01,-2.372617209008662353e+00,-8.772781695235168375e-02,-9.683919250098079745e-01,1.755017028167978665e+00,3.282357155491995027e-01,6.968106454690071727e-01,1.648886280857282616e+00,-1.769341431186860270e+00,3.624136139956526836e+00,-1.984696120716876733e-01,1.988047713720098697e+00,-2.350346337759205984e+00,-4.719339525049850437e-01,2.397804101910306240e+00,-5.952360179353435310e-01,1.040516136711532091e+00,1.639893330553099604e+00,1.440280057028183180e-01,1.963134409522133694e+00,-1.040264295986210730e+00,-8.449128551550043609e-01,1.223781436947591894e-01,3.544897881737891332e+00,2.107151755195595111e-01,1.912859738505595208e+00,9.193273419284379022e-01,3.323940137596265165e-01,5.976590329615735775e-02,-2.138529092325702763e-01,1.892526269152428275e+00,-5.226207952748893604e-01,4.005618012917264714e-01,1.846629973189099161e+00,1.456006761465273303e-01,-2.159102761695442574e+00,-2.218410199126819915e+00,1.021513917400801719e-01,-1.270510486090266289e+00,6.980934316895766045e-01,1.438339077411150191e+00,1.290376788530631202e+00,1.156685303073262006e+00,-1.799543527301208146e+00,4.795359242654301468e+00,2.686488482474523654e+00,1.000113880358829306e+02
9.390331721923907971e-01,2.852905413057634787e-01,4.997662418600992695e-01,-2.380619355284459004e+00,7.877737244920534065e-01,-4.048548768533397069e-01,-2.145685570970041312e+00,-1.349022933253674339e-01,2.195931959048541771e+00,-1.318566973023493016e+00,-5.706967963967204960e-02,1.658168713862751886e+00,2.516863986390945662e+00,-6.120334163730581922e-01,2.112366466828758504e+00,6.285049129906631338e-01,-1.299175210721624785e+00,1.437707526552983062e+00,2.238843065308921132e-01,-1.894982917772178865e+00,1.924194932747612885e+00,2.957470555488832531e-01,-2.525517202025601704e-01,-1.843533114771808812e+00,5.754891571202206402e-01,9.714289182636658415e-01,1.956601744606794036e-01,-9.214737096685313156e-02,1.608362411601304665e+00,-1.813999999061744361e+00,-1.322525436054077019e+00,1.522282712267670202e-01,-1.399595239318897733e+00,1.630968713400599568e-01,1.202698684331265477e+00,2.450903258048047206e+00,-1.927877468823825935e-01,-1.076060663844800480e+00,-3.804129322364216415e-01,1.013353425016315423e+00,-1.305188483046288095e+00,1.705421585458340328e+00,1.283902236477134640e+00,-1.924081788042518504e+00,9.894963412683354109e-01,5.199086553168463354e+00,7.534333800306696194e-01,-3.087043873388218285e-01,-1.229501212347717809e+00,-2.051657551005645175e+00,1.039851016909538295e+00,1.764517846710067950e+00,1.154767622601223648e-02,-3.788007639432731111e+00,-2.930572386146908848e+00,4.013372583698416207e+00,5.448700905373939918e-01,-1.830557175499622158e+00,-1.367850279193686402e+00,2.163250380315286048e+00,-7.911887267699510562e-02,-5.886880140109873594e-01,-6.542285484899083847e-02,-1.517945551717867936e+00,1.844623416466439902e+00,1.665657398902985031e+00,-6.052013184150705216e-01,3.080875613195571017e+00,1.130426716402429976e+00,7.937985621424052951e-01,4.965717181545218351e-01,1.122008076425735634e+00,-4.942004564523212462e-01,2.616895797694636649e-01,5.974817902184292873e-01,1.142800200621681306e+00,-4.984351730252958301e-01,-5.452771169320439482e-01,6.879461399844277736e-01,-8.736754241326452064e-01,-2.721520439907602062e-01,-1.191624998800466795e+00,4.154865751109054983e+00,1.912936868877887608e+00,2.260979150473928723e+00,-1.728427174708898839e+00,-1.410221348225448645e+00,-8.458622367675774356e-01,7.401908779112557069e-01,4.536589576267026080e-01,2.552486042112592557e+00,1.902680003539199305e+00,7.673938503930897159e-01,-2.358868328779690327e+00,1.060785727313155569e+00,-4.400868661595997544e+00,-2.064021755360498034e+00,-1.509231569431886522e+00,-3.627673716183166253e-01,-2.074939912550277654e+00,3.180038899555771348e+00,2.364175371931799052e+00,1.754590508292782070e-01,2.538365748425948976e+00,-1.393821733459319923e+00,-2.301150224233715402e+00,1.797693750545530156e+00,1.280795212360272828e-01,-3.114686320795974517e+00,-8.460255229113569087e-01,2.211400639196689610e+00,2.493943378070759831e+00,-8.528220066798601895e-01,-1.030274454032919618e+00,1.551914705750616408e+00,-6.630158679043843262e-02,1.036738582161812694e+00,9.910494021953583088e-01,2.328999835251293060e+00,-7.591128785069624074e-01,-5.981858348112493173e-01,-4.551432543023541943e-01,9.074186168140981890e-01,1.087514703508866365e+00,-3.367787263350833449e+00,-2.481461931221053130e-01,5.234571641431468025e-01,-2.250638497233908297e-01,-3.324678198242115634e+00,9.524443400159583462e-01,-6.501639583096133768e-01,1.189909442308281662e+00,1.831723577621985122e+00,-9.974366661302314085e-02,-1.727502201501199153e+00,-5.721781022880964018e-01,5.439866545202831638e-01,5.840603366750052317e-02,1.085304099818920065e+00,3.072416291319958193e-01,2.354470429790491148e-01,2.686664579829184607e+00,-2.906154967185792248e-01,-2.904254087467779577e+00,1.339760936802742997e+00,1.164290743102179837e+00,-2.574999638746567676e+00,7.105386495859634666e-01,-1.015386609289403941e+00,1.790963547507074261e-01,-5.758574371731672858e-01,-2.579239819391178301e+00,-3.981958088744951274e-01,-1.365721321019605972e+00,8.956452541980344240e-01,-3.959501348934644782e-01,7.523444069576848969e-01,2.189298830210615776e+00,-3.034183801700033101e+00,3.330431979409788745e+00,-1.022242551249890941e+00,1.825782498261062425e+00,-2.465861565674249523e+00,-2.160483327381997332e-01,2.509825852270771929e+00,-7.537009519305801764e-01,8.467816347996004467e-01,2.112067075437446650e+00,4.817735315974402410e-01,1.390536668067892778e+00,-9.884502003215518418e-01,-5.250480603178451222e-01,-4.029913364569834289e-02,2.931876479880135999e+00,2.244071003892555705e-01,1.987998690424143122e+00,6.923291260713960726e-01,8.363999517728806232e-01,2.402066284569889243e-01,3.141280842877395063e+00,6.722531568661201939e-01,-9.821525193209823534e-01,1.126544066291560453e-01,6.090548649936905479e-01,-1.790780044111285330e-01,-1.717032084997288210e+00,-2.362808739102599365e+00,-2.016771209381059693e-01,-8.271158841992181099e-01,1.361668147429889508e+00,-9.411047901414812955e-01,1.442936621099643935e+00,1.460680834980669918e+00,-1.099161320663801122e+00,5.742489184393958723e+00,2.971707736103085917e+00,1.000660493771446369e+02
1.136328986205188629e+00,1.022736558496511572e+00,4.713030431343220861e-01,-2.982879708877576697e+00,1.114655674575208311e+00,-5.627980210606599032e-01,-1.077410322878160631e+00,1.914806095314546819e-01,1.261244828118870842e+00,-2.329789808293395215e+00,-4.261228388941300516e-01,2.000324357631888983e+00,1.980481966692700047e+00,-1.470931830580965438e-01,2.131264024604802021e+00,-6.813819711886225372e-01,5.387850339861905979e-01,1.008352900870147506e+00,-7.598844067361956167e-01,-1.991576779103411798e+00,2.469943345148776892e+00,1.096100297774199372e+00,1.410653567139571241e+00,-1.473164410327658658e+00,8.126161111421377203e-01,6.322651773080421034e-01,2.508759684706672655e+00,9.798749353632475456e-01,1.210885932991005776e+00,-1.923513825971252533e+00,-1.503823548633488549e+00,-2.065166656972161063e-01,-1.912488152255661156e+00,-5.760133489029516107e-02,3.349800161892858563e-01,1.255714897169021516e+00,1.172569301249264173e+00,-8.017959280167173963e-01,-4.704906760654484765e-01,1.482751911823454671e+00,-1.305891921642810649e+00,9.260931850666445087e-01,6.128424214543277682e-01,-2.052459793826170387e+00,1.230169634290901204e+00,3.430447786277183386e+00,1.322606061436572555e-01,3.992965334259567789e-01,-1.002707659048400535e+00,-2.205017470296262161e+00,1.023012464833683799e+00,1.832258114928263293e+00,-7.161499693772034325e-01,-3.363477737595797823e+00,-2.468118155824718052e+00,4.566492414075087325e+00,7.131047068593361349e-01,-1.795023510317896198e+00,-1.843114697661468460e-01,4.040183071971811812e-01,-3.625525389772758511e-01,-1.243844727530339034e+00,2.121574594877223274e-01,7.964913098088129972e-01,1.613107941384207766e+00,-1.801761340111021625e-01,6.487394811711864051e-01,2.054435472308646649e+00,2.037956791784721611e-01,1.006572074612372525e+00,-2.264921534168490291e-02,1.342040573979967677e+00,-1.583287836326553899e+00,3.005198079116846444e-01,1.545808092575846393e+00,3.733295381001142665e-01,2.548581043112030375e+00,-2.909421492795687403e-01,2.959360200105159988e-01,-8.096174430357085949e-01,5.742834228076471037e-01,-1.357457597776352776e+00,3.558047311151141923e+00,2.389731163815040915e+00,2.460219946424340165e+00,-9.307804638220475990e-01,-2.820795498085865383e+00,-7.499731265128705138e-01,9.236366406245060112e-01,-1.487131124118934888e+00,2.895129949574025474e+00,1.374024925897481264e+00,6.609990696622601858e-01,-2.123864805252732246e+00,9.273045445870560233e-01,-2.012314681077066680e+00,-1.151234064547603575e+00,-8.040682978448342455e-01,-1.673034640231466641e-01,-1.827394826418774265e+00,3.155326506382644336e+00,3.752759516726290601e-01,4.907162159555917280e-01,2.556038868860062596e+00,-2.650333487942910349e+00,-2.491624904680209696e+00,-6.453673200624521211e-01,8.254368313711996086e-02,-1.604507491309263845e+00,4.930242941094219455e-01,2.050877744931767666e+00,3.697862669250430390e+00,-1.211257261070392666e+00,4.693582753981101474e-03,8.655638037376023330e-01,1.917591777974600176e-01,1.410555638621938002e+00,9.773237781987758055e-01,2.227557112593053557e+00,-1.225959571517079905e+00,2.560751083522179172e+00,-1.816888149395105900e+00,1.591676818435203256e+00,6.708731937790666233e-01,-3.453957723887687958e+00,7.765144624654023164e-02,1.035683475309714940e-02,-1.144868074745069852e-01,-2.436252268546769795e+00,-3.357075723182090798e-01,-1.078817090334271311e+00,1.371940622720541070e+00,1.999921020090642321e+00,3.916695040199552613e-02,1.294477965892702143e+00,5.482595498105500426e-02,1.249587328629534477e+00,-4.448868312149427684e-01,8.100118707113289629e-01,1.718403563629966047e-01,4.237858809196565213e-02,2.629593863981434243e+00,1.992564256416279878e-01,-2.130326912495025482e+00,-1.052817585160967351e+00,-1.021653838042998474e+00,-1.656268288888636864e+00,2.217920984594220768e-01,-2.307310454331199967e+00,1.982539511871407589e-01,1.394156033130164729e-01,-1.610545865252662745e+00,-3.746732962491203800e-01,-8.434524565759548009e-01,1.598555178016954459e+00,-2.845227381946051626e-01,4.630704912434276954e-01,1.706002257594045002e+00,-1.527528599862407299e+00,3.010081584498937701e+00,-5.993564559634078082e-01,9.536989733208743880e-01,-2.715747680111070483e+00,5.487098733507853598e-01,2.586101195446598666e+00,-4.477484849448814530e-01,6.836786288044368609e-01,1.072783069965641323e+00,-4.391641050374652799e-01,5.028920147455584466e-02,4.409426923098761497e-01,-8.358829928055894198e-01,-1.158465835531270749e-01,2.868710527386745035e+00,-5.687610574119986717e-01,1.979013154586883205e+00,2.143551924462854530e-01,3.157103400179950281e-02,5.794257571742208457e-01,3.063897195191505940e+00,1.340627599884224530e+00,1.662480907740729319e-01,9.362493140707439654e-01,6.082594349361152286e-01,2.362566857417296995e-01,-2.089234599677429749e+00,-2.578999571679260416e+00,-1.163997455077365184e-01,-1.211085806624559780e+00,-5.968953270678105660e-01,-1.085599662084301364e+00,1.403145360659475704e+00,-1.489732707128023081e+00,-1.225683407481236831e+00,5.560314629509120365e+00,2.435877762872301844e+00,1.001337556625911418e+02
6.167626253960531990e-01,4.835642692235111451e-01,7.627648616679201243e-01,-2.463081764307971877e+00,1.113825998645987081e+00,-2.396388935419682675e-01,-1.845687204584265828e+00,1.009704098258987631e-01,1.382115009294580199e+00,-7.088768694754179478e-01,-8.820722661655938657e-02,2.040974640979475119e+00,2.627860621875315772e+00,-9.303836516864900652e-01,1.394374449722303178e-01,-1.175504961782889213e+00,-1.211298608847240832e+00,1.086770758805686743e+00,-7.970129994344223867e-01,-2.040870616762428202e+00,2.875429148684856440e+00,7.925750914157971838e-01,5.426586464300789392e-02,-1.775937650729991768e+00,-1.471382414116130910e+00,1.075095027357065192e+00,2.769060852431425079e+00,-6.770523037020479418e-01,1.483995580125368807e+00,-2.611159989286318872e+00,-2.801649121091383421e+00,6.854810332104485648e-03,-1.911774310744321914e+00,-1.883693150994869558e-02,9.468091740700053105e-01,1.137274643072433866e+00,-5.462616699255312680e-02,-4.590695528297580319e-01,-9.124093572293157095e-01,2.974545285466959843e+00,-1.975649126084088492e+00,1.612356391697987945e+00,1.337703272370240448e+00,-1.824910615568269723e+00,6.226679733091086133e-01,5.057375611595034570e+00,4.123257060929074180e-01,6.826065877659975856e-01,-1.315608371649576336e+00,-4.576186314723247883e-01,1.023824702083897087e+00,2.438365155702627796e+00,-3.872071071539741061e-01,-2.922914058382581892e+00,-3.540156610217976230e+00,3.707419260815313145e+00,-1.026477005282486754e+00,-9.954026248208974748e-01,-2.187679754461858916e+00,3.444423451499702971e-01,5.034691697067179561e-01,-1.691564414931950033e-01,6.012358218753915962e-02,-2.211226341385876260e-01,2.083676057534626480e+00,3.469215877095511158e-01,-9.683239442790345652e-01,2.795995898843559591e+00,8.240448747964177478e-01,1.063939980064658508e+00,1.193288579117544712e+00,1.390239832848605195e+00,-4.929128742370526006e-01,9.386100065121028013e-01,1.761811851583638289e+00,3.064425803532975223e-01,-5.315122739898388016e-01,-1.287945341191366611e-01,1.439832433562487080e-01,-9.794733692770665190e-01,8.091860203244043426e-01,-9.101755788484815479e-01,4.423499430051897718e+00,2.282593685135675177e+00,2.544662434550983843e+00,-7.124716411718226006e-01,-2.930275430869340614e+00,-6.155623417529472174e-01,6.726528669259225213e-01,-1.132867863993955559e+00,2.679197224102520369e+00,1.904286384348864214e+00,5.100237559090412542e-01,-2.192570090635193925e+00,8.732086209756445561e-01,-4.452455325590457313e+00,-1.556057731716191439e+00,-5.041290588358552371e-01,-1.904936840528292374e-01,-1.838983997613307553e+00,3.799547231378542556e+00,2.103579171877528076e+00,4.207170742664073093e-01,2.256274524076485655e+00,-1.631590983521794991e+00,-3.134177726280318765e+00,1.462220444102948769e-01,2.023777659104975868e+00,-2.047335520909181472e+00,-6.129355712037354298e-01,1.542497434898084441e+00,4.456033604970293105e+00,-1.469603070629263986e+00,-1.304864740583234539e+00,9.628525105474278201e-01,5.151757314805874843e-01,1.421220308423473355e+00,-2.031682796379230549e+00,2.442162465433031837e+00,-8.450014175218346635e-01,-3.844166724710071370e-01,-6.061221353620738217e-01,8.902481403952470229e-01,7.683107523869755484e-01,-2.250017687494625385e+00,-2.210410838254818877e+00,3.153630522156455895e-01,1.522528181256588287e-01,-3.060257981245983583e+00,-8.109532683868658776e-01,-4.650148283771184388e-01,5.114785040323169829e-01,3.058465402012396694e+00,7.459219318039574942e-01,-1.683452433761470246e+00,1.728940762918770024e-01,5.914759481154130416e-01,9.466206252897733930e-02,-9.287303761835034033e-01,-4.400968916424172206e-01,-1.409575137795845146e-01,2.255228098954717986e+00,4.855099093797380361e-01,-1.210698868626815194e+00,-8.079605877475773967e-01,-1.067294314495987217e+00,-1.996592671663918850e+00,5.753863887911578878e-01,-8.118084585378213536e-01,7.930816789671044642e-01,1.707437100268115182e-02,-1.837439414932689363e+00,-1.598962535571977206e-01,-1.070056910104288495e+00,1.250992391000713244e+00,-9.772352557805353834e-01,9.616785482752622238e-01,1.216105974764634112e+00,-1.705502416746899064e+00,3.128093487152836527e+00,3.140162282947782657e-01,9.599016166010818640e-01,-1.978823924323250161e+00,-1.607898721186689361e-01,2.289370483742854567e+00,-6.668580455099548665e-01,5.508207448124030625e-01,1.499351091914337797e+00,-2.694850691031115408e-01,2.855527839023393466e-01,-4.474831054247110362e-01,-1.068719991622169241e+00,6.486118986433948852e-02,2.699877981489266165e+00,-5.410391820890810832e-01,2.085185049442920491e+00,6.802984158810677640e-01,6.552832479371577534e-01,3.685730913301376588e-01,3.220103794551395282e+00,1.706198225944825841e+00,2.504568585152558979e-01,3.823238820453397913e-02,6.371448341713011887e-01,1.347114970201869488e-02,-9.725614796052369782e-01,-2.300410053324050796e+00,1.144895354019386524e-01,-1.436962527152811475e+00,8.744950046543680244e-01,-1.003493278301185843e+00,6.404260778330101989e-01,7.682493272875782209e-01,-1.329616926449483483e+00,5.428537894252953855e+00,2.082279782128734880e+00,1.001711842256382425e+02
3.632329788642291724e-01,3.875624296140675051e-01,6.365639694906239932e-01,-2.488272594682272576e+00,8.856143501079393188e-01,-7.361283817843580213e-01,-1.608593062683049801e+00,-3.617742308531654571e-01,2.233427522896836326e+00,-1.932473361422452296e+00,4.155660194854761402e-02,1.625556755547914234e+00,2.276733664857124584e+00,-1.528680297221364004e+00,-4.716803825707460707e-01,6.094471228396669549e-01,-1.114124964155272401e+00,1.143789461834703092e+00,-4.383848955336436259e-02,-1.893426246265346169e+00,2.588767983740251744e+00,4.827139036005192452e-01,1.034316263071698022e-01,-1.546802365874084151e+00,-1.354662009241700549e+00,1.016347094535096751e+00,2.958885187977085884e+00,1.692471576959692081e-02,1.588897870827685965e+00,-1.840059943132050346e+00,-2.159764247113523883e+00,2.792432072563544310e-01,-2.036285829387928903e+00,2.900083761201691646e-01,4.823796549648341481e-01,1.969931831559870838e+00,-1.325847881832514508e-01,-1.539658723116291261e+00,2.093707654741225332e-01,8.149505127002475424e-01,-1.616570582804905953e+00,1.749219670318898912e+00,1.451212466086852837e+00,-2.000432642312889975e+00,1.469426786313914768e+00,3.563674193375018895e+00,6.631566045951817756e-01,9.418834558015327652e-01,-1.302395867316213041e+00,-1.914862969343136045e+00,-1.058319466164401867e-01,2.209368096041459673e+00,-3.331775162492060099e-02,-3.145550989515165430e+00,-3.216570080585614111e+00,4.731114772043191863e+00,-6.876325177093821350e-03,-8.811202810837732713e-01,-2.122924978812585906e+00,1.058301037294610003e+00,-3.221938926673922898e-01,-6.068632252336495503e-01,4.979052591091764346e-01,4.003094750972377991e-01,2.768210685026514462e+00,1.824815714520811039e+00,-9.222247764263984404e-01,2.162657938748791420e+00,1.080416183267720598e+00,8.596428823286526022e-01,1.074756171389334547e+00,1.314472184398872034e+00,-5.832685453415199506e-01,2.779304190240269867e-01,6.689579515549515243e-02,3.425687917885819056e-01,4.621445082633074408e-01,-4.239641869073618174e-01,7.325786224122189660e-02,-1.005110915408814920e+00,5.605718626263456184e-01,-1.159646178038769904e+00,3.982764098865509084e+00,1.927313649366150017e+00,2.049390703894259147e+00,-6.052524674867378884e-01,-1.405860342733325385e+00,-3.780094923014791775e-01,7.949619309595200578e-01,3.002240403320385886e-01,3.409828782695737637e+00,1.794545355665971176e+00,8.412728038631273053e-01,-2.411947929659397971e+00,1.112852752968333414e+00,-4.517426700140142692e+00,-7.337401950405391116e-01,-9.078928175971926473e-01,-3.558957367404621541e-01,-1.854082557873037107e+00,3.815840104903166274e+00,2.103357223308210067e+00,-5.125758047350120750e-02,2.205747901054001314e+00,-1.398426673727624303e+00,-3.053259305050487704e+00,-3.991417813634843825e-01,-4.849567605223463473e-02,-3.121093785711540836e+00,-8.251697087429572530e-01,1.436711986031629973e+00,4.270157944374852299e+00,5.878492508551004248e-01,-1.227878101228108809e+00,1.547704241302444661e+00,3.408962453801230863e-01,1.574351460266371738e+00,1.430917973265501519e+00,2.452435892162744491e+00,-4.730267387975651272e-01,-7.786112534525646556e-01,-1.668830820986637820e+00,8.177260773899739377e-01,1.140541485321370674e+00,-3.527031890226635102e+00,-2.055858904162292944e-01,5.642072826971694655e-02,-9.116520814429836250e-02,-3.194271970401560523e+00,-3.181559191550649146e-01,-4.533738536156061705e-01,4.838243515615441859e-01,1.941128852355870293e+00,7.662889439441613604e-01,-1.509120643225001501e+00,-6.258746639612823293e-01,1.821382969334004009e+00,-8.403438770555596293e-02,-9.149543119048254569e-01,8.109571029669139508e-02,5.088088920535871473e-01,1.986878007676109004e+00,4.393197402859741474e-01,-2.850943902888765535e+00,9.543546893685287413e-01,-1.332765913407838454e+00,-2.560579930394500714e+00,5.868402151462912553e-01,-6.738610478025325312e-01,7.135858179740139917e-01,-6.183734889195821038e-01,-2.199579968052769896e+00,-2.902270064155592078e-01,-2.803613267192145653e+00,8.729264362549028489e-01,-8.497515545723224317e-01,1.168128345611201047e+00,1.455331145853185681e+00,-2.073318127418304790e+00,3.189010001255460747e+00,3.340256257705613852e-01,1.028008324142867913e+00,-2.901534278285357260e+00,-2.578192602470801287e-01,2.671342410985232174e+00,4.949298714487585515e-01,5.847145961942978865e-01,2.169743615906076339e+00,9.501329752025798880e-01,2.420567404533776612e-01,-6.801018811500629813e-01,-4.328113477357992123e-01,5.977646694564711094e-01,3.158303780279855921e+00,7.302620864051051486e-01,2.042452939767979370e+00,8.770284037079996153e-01,5.609124910041435319e-01,8.752228455378721073e-01,3.278309156331233876e-01,3.705318681763945521e-01,2.985736450554618004e-01,2.803695816521631357e-02,4.905502651057877528e-01,-5.632732360062504551e-01,-7.514259798231319731e-01,-2.769381077296363181e+00,6.644300666320480248e-03,-4.282205697895120067e-01,9.067173864343549550e-01,-5.586236742875796413e-01,4.880731297088170551e-01,7.106870825992860352e-01,-1.199230836442159109e+00,5.375102564422723717e+00,2.090175796358138882e+00,1.001734225587001248e+02
-7.356134075159444230e-02,1.085140990305583975e+00,3.503063910550145987e-01,-2.483497541487794891e+00,7.647662562035318912e-01,-1.455710813738595455e+00,-1.544774248401568961e+00,3.083533137416713532e-01,2.097191082333329959e+00,-1.995058811139003074e+00,2.019390108241293502e-01,1.022137688654095156e+00,2.189407291394885213e+00,6.629134235986255952e-02,2.498164226738824212e+00,-1.186044059196816436e+00,-9.815235543536234841e-01,1.118240484225698772e+00,-5.527370429797402451e-01,-3.270653262392064220e-01,2.135150642344607164e+00,1.519395199207460578e+00,5.040372238379734610e-02,-1.875341810124867559e+00,-1.418895033639207437e+00,1.314691928824441414e+00,3.956562980767004412e-01,-3.821978769189687819e-02,2.291562343813581037e+00,-1.620617312187015990e+00,-1.122119905836007625e+00,5.680030939706811610e-01,-1.497333692358650881e+00,5.307381080999605816e-01,3.488596468931690620e-01,9.735569199757434511e-01,9.966540874266444083e-01,-1.226088772143413941e+00,-3.811820136878504850e-01,7.162066557974923198e-01,-1.522806780593830123e+00,1.778952360127485255e+00,1.290781047299112583e+00,-1.475990987125391340e+00,1.205124189920264044e+00,4.537597431866035258e+00,1.935621836895362158e+00,-2.926229814264373341e-01,-1.230129659174769463e+00,-1.904618490457279822e+00,1.162375783753472280e+00,2.309308822657608395e+00,-2.110643648567456232e+00,-3.353795806903169918e+00,-3.388991818978673187e+00,4.657169257678541285e+00,-1.438027543076951797e-01,-7.518132178560010814e-01,-1.082158550264293861e+00,9.755663566586486590e-01,-7.261030653303280902e-01,-7.029568877106320279e-01,1.678980196565416749e+00,2.454915832972848766e-01,2.167416910933537277e+00,1.015754107784558213e+00,-1.465710732382451420e+00,1.756395696950299401e+00,1.275975742789147827e+00,8.664100853232277188e-01,1.029425367577052608e+00,2.245198506766025393e+00,-1.147709765526667702e+00,6.017898547457397607e-01,4.339110539452026294e-01,3.070497536945387962e-01,-4.508659326875670281e-01,7.311762483766683918e-01,4.758825815261542580e-01,-1.241203442286700653e+00,-1.618447171775137805e-01,-1.031126527857742170e+00,3.631809562424062943e+00,1.858935202100685302e+00,2.064196549418046533e+00,-1.318304495439614143e+00,-3.111863037284299693e+00,-7.279341052659877853e-01,1.554437398365170253e+00,-1.915017496628764082e+00,3.285825840806060327e+00,1.626823496197199237e+00,1.196686632201974798e-01,-2.094717665171495380e+00,-2.021617076509383271e+00,-1.369079562604913036e+00,-1.362967624392918298e+00,-5.562400906275728474e-01,-6.595429367177277902e-01,-2.058060852017050024e+00,2.912372944121253582e+00,2.454802904992523960e+00,2.552956422342294585e-01,2.747448822201547181e+00,-9.965993021419922160e-01,-2.444764090982457283e+00,1.338913286127886515e+00,1.810439620041921494e+00,-1.724886754821345791e+00,-4.382547921750203912e-01,1.570317726803766023e+00,3.245795795609261347e+00,-1.332736293780186765e+00,-1.329197031309738153e-01,2.510387676538619939e+00,7.211614741395495631e-01,1.897351320922019968e-01,1.083277978431872013e+00,1.370200791434044607e+00,-9.274676115675959398e-01,2.186612056316767916e+00,-6.756680595887749607e-01,2.434435417893351161e+00,1.657635819562079060e+00,-1.745561743429018708e+00,-2.284651120388546897e+00,2.027281992850942238e+00,-5.635524533310357631e-01,-2.560896151933353959e+00,7.005910897265282822e-01,3.588326788654691568e-01,8.246420430686181025e-01,3.417069983198471217e+00,3.583273449324013149e-01,1.106053943866118106e+00,-1.140076098050246012e+00,1.782952599993593346e+00,-8.124061916107219727e-04,3.503295762378615397e-01,-3.580683728128054855e-02,-2.710570071776101653e-01,3.163152554082448997e+00,3.314045738161776056e-01,-1.612208418279213795e+00,-2.423352758478735658e-01,-1.360072890715108951e+00,-1.873876413267429930e+00,1.134996001196546089e+00,-1.230751571365156893e+00,7.208027896423722103e-01,-2.019677415053032554e+00,-2.431947879896973141e+00,-6.369889858294594531e-02,-6.898348874651496487e-01,1.078193732151155215e+00,-1.361461007763801856e+00,1.466239618010082513e+00,1.430249830668658406e+00,-2.008592241780204901e+00,3.680624768781939782e+00,2.010665894378879381e-01,1.695240518619286707e+00,-2.299109830602078741e+00,-2.145582872790639528e-01,2.347695153174147453e+00,4.391114348675664303e-01,9.834424046538040587e-01,1.689347760203442128e+00,-1.911773515476352103e-01,3.498800398690461444e-01,8.333497335733562883e-01,-1.430649188122062876e-01,4.896495917917549345e-01,3.423490186726210638e+00,-2.948692389915943957e-01,2.333614970637812203e+00,2.359485257345391163e-01,9.055977993357697819e-01,-5.225202876590290257e-02,3.235084445748823700e+00,2.121821719630889169e-01,-4.248069823913120380e-01,5.213098598588521426e-01,3.219728432078100000e-01,9.969285321477083794e-02,-1.496040795129337297e+00,-3.146911652121376246e+00,7.247286543620916621e-01,5.143246599651628559e-01,1.262334305319448013e+00,-1.102809754095186667e+00,9.161319734138890780e-01,8.984013204787468787e-01,-1.338817253247035710e+00,5.501545522681588807e+00,1.509702550827780154e+00,1.003684084374109773e+02
3.219075178908542556e-01,6.110435129433047230e-01,7.069630072946809785e-01,-2.295562721535881145e+00,8.889545324745453669e-01,-7.366099035191490119e-01,-1.750487164504500814e+00,-7.109966994822028430e-02,2.212745293750632669e+00,-1.809240729801229408e+00,-2.353511415439576981e-02,1.957574120249689464e+00,2.439105216299846557e+00,-3.212476950034829359e-01,4.471599219070866438e-01,4.484014092838496945e-01,-1.078258343566238509e+00,1.546747609771342846e+00,7.952292025151297405e-03,-2.175668081184654046e+00,2.096373947453971986e+00,5.864757409198375626e-01,3.784913888999192899e-01,-1.091507970480450229e+00,6.775469752222149644e-01,1.248494300353830244e+00,2.721094958649671547e+00,-6.241473287275959292e-01,1.848156061693416286e+00,-1.558212612190128077e+00,-1.776294765835128908e+00,3.007134433906504256e-01,-1.816941660839685557e+00,1.710006124891449431e-01,1.473669616810671101e+00,9.909233287219681996e-01,5.664857516834013174e-01,-1.625118647751331302e+00,-4.462951842050791873e-01,2.801742003720904428e+00,-1.299466167121980265e+00,1.246689156449368729e+00,1.585040344788218869e+00,-1.971981650390013385e+00,1.133113464969515150e+00,4.548317643384249820e+00,9.851195510145588363e-01,1.036515084805599063e+00,-1.169725789330689381e+00,-2.282556977466236869e+00,1.489039153350726119e+00,5.428747410826804121e-01,5.700518158276582370e-02,-3.193487778341460803e+00,-3.102410551569388275e+00,4.649269242230743338e+00,-4.429969463144887709e-01,-1.837151579201377338e-01,-2.236469814215768181e+00,2.550339027144834958e+00,-3.586527223771175388e-01,-5.229166032952926590e-01,1.663381127997495712e+00,-6.336913984362008145e-01,2.232401178563223620e+00,1.605647378407587755e+00,-1.136230602940159207e+00,2.430868543541130133e+00,-3.155531376210848338e-01,1.556454718122011194e+00,4.012434669759709083e-01,1.987641456857086819e+00,-1.197430462270372864e+00,2.449080633805907070e-01,8.345983777501712053e-01,3.385288596645007475e-01,7.741698145782327511e-01,-3.352800206415419426e-01,-4.486805266715693241e-01,-7.845438069897652245e-01,7.027857054116746216e-01,-9.312457861131704373e-01,3.300512018829938832e+00,2.222333649940968048e+00,2.665615824043144677e+00,4.133625807616281289e-01,-3.463320468556485565e+00,-1.809639264848523707e-02,7.696355687686574631e-01,-1.575986779586309394e+00,3.182755244092752456e+00,1.823736574891419382e+00,1.030899515582766934e+00,-2.004005214609889673e+00,1.010405870555107777e+00,-4.931032692192325761e+00,9.984131178850207122e-02,-3.283722599728505220e-01,5.629572593631257393e-02,-2.442115463876933568e+00,1.274712455705060643e+00,1.797099949036917055e+00,4.392416751091774985e-01,2.407818772641818317e+00,-1.437781106088720007e+00,-2.939339530753253715e+00,1.131571937591007604e+00,-1.091550167110969805e-01,-3.281293195617435376e+00,-6.517709327225358340e-01,2.266040244679959237e+00,3.104523440326859340e+00,-1.153719873583455513e+00,-7.724882051099971614e-01,1.339291219679759504e+00,3.944306656226375107e-01,9.274108468473692968e-01,1.412460221332697108e+00,1.515838911875991624e+00,-1.924376731933239437e-01,-3.786478253698729590e-01,-1.227319947894330410e+00,3.949989348037155956e+00,1.394679242681128084e+00,-3.346653120516104973e+00,7.205848116359739874e-01,1.668570387209868056e+00,-4.851373862605583009e-01,-3.494641912143892082e+00,-4.784435175572587795e-01,3.507252083717083968e-01,7.025260906488476342e-01,1.825096518628314790e+00,-1.597407119677337617e-01,4.109952004976744067e-01,-1.924242540124076584e+00,1.744284638759394657e+00,-7.623455194899168008e-01,8.236946295293706699e-01,1.641671880892120461e-03,-1.515676127854194422e-02,2.289567191186852035e+00,1.955211749420251166e-01,-2.417471022681733750e+00,-7.830691385506909352e-01,-1.142383417550746350e+00,-1.740665663087912929e+00,7.304948435683328301e-01,-3.527541814914235130e-01,5.638544494571581245e-01,-3.016347643707840698e-01,-1.621172558628180216e+00,1.181695116698789766e-01,-1.082166170877173705e+00,1.132237348591188297e+00,-3.466533884072918736e-01,8.831950395961158939e-01,1.673644031020466105e+00,-2.154646838839139100e+00,3.393312613902919050e+00,3.070441831121810683e-01,1.828498853912890576e+00,-2.470329168307513701e+00,-9.980471773512128442e-02,2.838123277580018922e+00,-5.942779902090959965e-01,8.145521165143084774e-01,1.951341228926191329e+00,6.827857744726569811e-01,1.711633115907299718e+00,2.012217849255086566e-01,-8.173656643155877699e-01,-4.467084278768612693e-02,3.226742575020419945e+00,6.068603495337836495e-01,2.454149159750850462e+00,1.034398950232385539e-01,7.575174288464372463e-01,3.297545106425461281e-01,2.967741416106915331e+00,2.010936931313499709e+00,-2.789227272002152702e-01,2.792134821538466150e-01,6.014162939581142453e-01,-3.569017715930898338e-01,-8.928427230658599889e-01,-2.299587707085471333e+00,7.293982310212523412e-01,3.758318585354206709e-01,5.751050932742651778e-01,1.277757215094215137e+00,7.803276310193381082e-01,-1.527949344439015089e+00,-1.023668618291612376e+00,4.842717393264186043e+00,3.543521819306376219e+00,1.004137834189410938e+02
3.910851228076215880e-01,1.131995730181744486e+00,5.267290949412590795e-01,-2.996038436508575487e+00,1.664585920376734807e+00,-2.619592209300482533e-01,-1.547452493886563030e+00,3.406200162999200032e-01,9.084040031930393777e-01,-1.895593046968375273e+00,5.467789694011731400e-02,1.739351341075592083e+00,1.890793491650740732e+00,-7.530104838510340848e-01,2.170482330908236168e+00,-3.224040663387998107e-01,6.225897458557819730e-01,1.735153198738487612e+00,-8.071295243132012853e-01,-2.684998179179837408e+00,2.813767904424090638e+00,1.341342470740371828e+00,1.308524300098229842e+00,-2.281923414673328043e+00,8.360070497553510060e-01,1.143246805009970002e+00,3.029077607142021122e+00,-1.819850070728114277e-01,1.180817390424658830e+00,-2.595019033738853231e+00,-2.756221575110557431e+00,-3.229701845610434829e-01,-1.227211989686070481e+00,3.579181147356740311e-01,1.868607783798461874e-01,1.334276410354573006e+00,1.502564002502607687e-01,-1.825113845573725913e+00,-7.123559823281659931e-01,5.926629844249539092e-01,-1.778480788488340680e+00,1.117269133241896695e+00,1.054663988251856033e+00,-1.607404201512629305e+00,8.491589284235243618e-01,5.075051762212326345e+00,2.598998902631829422e-01,1.033880118345748889e+00,-1.332976334068463720e+00,-2.249219269797729126e+00,1.797158294544375146e+00,2.113178706206902291e+00,-8.418046788126449798e-01,-3.766198626529331683e+00,-2.649979276694489627e+00,4.497517518059273023e+00,1.016378331680371616e+00,-1.153447742588817659e+00,-8.206202238567679164e-01,1.474645524592509860e+00,2.765890257276577557e-01,-1.008432129943277022e+00,6.535605317119654034e-02,5.317474510139205135e-01,1.779744094923489728e+00,1.087706110114637498e-01,1.060147313277620684e+00,2.657242257656322604e+00,3.522446928984929171e-01,1.154932920959170328e+00,3.114377841071017811e-02,8.383463029392368426e-01,-1.173795781174302277e+00,1.133065985978551071e-01,3.101776433046899428e-01,2.806892780653214903e+00,2.077875022526440296e-01,-1.983525123404049850e+00,1.321734618864448263e-01,-1.125427100213961973e+00,6.713222722190896885e-01,-7.337231487977811106e-01,3.583256120362198427e+00,5.826245461500521028e-01,2.164983350522280414e+00,-1.518664740951780168e+00,-3.236273860445983974e+00,-7.825196828586101772e-01,1.005037659136205130e+00,-1.278795007071022338e+00,4.319887110863217528e-01,1.960761859099473536e+00,9.501638454968676095e-01,-2.119597457190928846e+00,-1.984592695403502915e+00,-2.000937939242305230e+00,-1.620545051986132856e+00,-9.325510802583876213e-01,-4.768812273725431816e-01,-2.298670659361310431e+00,1.123237803274702795e+00,2.033396989839315161e+00,1.086123898407170274e-01,3.147047938776765363e+00,-1.659945197519226534e+00,-2.438732013403014598e+00,-1.400480444089739762e-01,2.037370031097204048e+00,-1.062621599254784055e+00,-6.849012193435788376e-01,1.895600761479318663e+00,2.599063755395015551e+00,-1.859497637083313837e+00,-1.716463892556768234e-01,8.876284147021398230e-01,3.829989410898961277e-01,1.285485588918008126e+00,-1.705984255551712847e+00,1.412410297172346008e+00,-9.231763466377812533e-01,2.338817433392768042e+00,-1.078944850005072231e+00,1.354161038120090144e+00,1.179789581127394404e+00,-2.359629095574943491e+00,9.469948231949327777e-01,8.598520271257391601e-01,-4.762287687778977707e-01,-2.815641926151381202e+00,-1.390388611750808245e-01,-7.586228578874071315e-02,1.049944635295832374e+00,3.139093172074403526e+00,-4.150325440884715666e-01,-1.748653563551451073e+00,-1.844385764311362585e+00,6.139986127394017057e-01,-5.337069966638916529e-01,7.131820139477961229e-01,-2.714156369617448661e-01,3.606710644357434270e-01,2.694179266655678973e+00,3.857736086185863944e-01,-2.166503567376335315e+00,-7.199957778844143785e-01,-1.471174868634841815e+00,-1.698615752670169510e+00,5.319855814479034217e-01,-2.646994937888562660e+00,4.649009195664812188e-01,-3.257184651448913892e-01,-1.647726940043955368e+00,-8.806030996144420531e-02,-1.140578152638052289e+00,9.525866724783861317e-01,-1.412171582110302914e+00,6.466037135318962736e-01,1.663723422490609893e+00,-3.374792842966171769e+00,3.936992429274469796e+00,-8.084970673226701265e-01,1.624884458345088101e+00,-2.344396607697700752e+00,-2.792957732790101733e-01,2.659855192964851955e+00,-3.972951750974414997e-01,3.030116896572975782e-01,1.118312112088926336e+00,6.829493087568281329e-01,1.217584527616595969e+00,5.276410755179139489e-01,5.188706822600537283e-01,2.896860594136542455e-02,3.591076195686950356e+00,1.750441838405639994e-01,1.224973402873745787e+00,5.123148103518756491e-01,4.565553792461009008e-01,4.237165102455316967e-01,2.693821911533600844e+00,1.646834914398567662e+00,-2.422432352229092201e-01,2.610944346156764961e-01,4.628844917420912863e-01,-6.434044645882948110e-01,-1.914754710852489161e+00,-2.467754103464624649e+00,-3.621026055439220959e-01,-1.808793122311665780e+00,1.103506624413343573e+00,-1.662028076844686231e+00,1.201747476277643889e+00,1.322471912808260930e+00,-2.303677202461123841e+00,5.237847164032430669e+00,2.488051742419281620e+00,1.004983072525574386e+02
9.124471293838527508e-01,3.670154894510277988e-01,1.251920085935821769e-01,-2.844761063797205392e+00,9.119466046806842252e-01,-3.696700751805773733e-01,-1.858161652523769858e+00,2.527602544720430888e-01,8.696308067959223065e-01,-2.343457088956556245e+00,-1.677518695918744918e-01,1.579796382828156709e+00,2.085233389158918982e+00,3.482644114919614120e-02,3.733231474393819416e-01,-1.243083613036758184e+00,3.510052583152366568e-01,7.711652968685827059e-01,-2.411432772522111634e+00,-1.991654066003873957e+00,2.707859343355175419e+00,8.813122793807939281e-01,-1.058278087309003357e-01,-1.917862535646015720e+00,2.041675824983170351e+00,1.267545009175121917e+00,2.942847629814701271e+00,-5.181521887180401409e-01,1.567907922523376074e+00,-2.260436854669686912e+00,-2.769768869539020795e+00,1.166044261714008767e+00,-1.972439315209890021e+00,2.512232936646153214e-01,1.645014740876137971e+00,1.155582034568462868e+00,2.804224336827243480e-01,-1.585951211687413487e+00,-7.864757411478174864e-01,2.115262641522131837e+00,-2.025164862687453660e+00,1.542506218348374203e+00,5.495327389826425435e-01,-1.871549743022197676e+00,5.381469082808078008e-01,4.545926736947163427e+00,9.148344424113461493e-01,3.840249581025005909e-01,-1.763160920257667019e+00,-3.816812843361967467e-01,9.520958753376861372e-01,1.682294057377393903e+00,-6.477136020097654656e-01,-3.064446999483322109e+00,-2.780459643212771059e+00,3.680480914420719341e+00,-4.821583649806848726e-01,-4.039807677631845340e-01,-8.093555481055857426e-01,3.716315592385210920e-01,-3.137822287462043169e-01,-5.260477788705657520e-01,-1.181288705687317669e-01,-3.742436173648845399e-01,1.972802728549681417e+00,3.210620873338029813e-01,8.107902614573940792e-01,1.997713871656968232e+00,6.941980517224053404e-01,1.484055510685815316e+00,1.053055001781859623e+00,1.956608617473999168e+00,-1.321503791876136091e+00,2.038324689585423177e-01,1.786358670722515196e+00,2.132467998123154018e+00,1.395341127893310329e+00,1.140750331471595547e-01,-4.309078926408856924e-01,-1.187951017324535785e+00,6.326199565262595748e-01,-6.484318692944320839e-01,3.793285701375387120e+00,2.356849122029857302e+00,1.301982120842414270e+00,-1.544444846730147480e+00,-9.070628388328154657e-01,-5.557289642909027938e-01,6.460492897824529068e-01,-1.339763456171408018e+00,2.715868191514054342e+00,1.784874207179044658e+00,4.623433803357546723e-01,-2.093290439579585716e+00,8.281960457085724148e-01,-1.652606465245043399e+00,-1.731973611220589904e+00,-5.285740570224324308e-01,-2.853719008940744928e-01,-2.498556037693882903e+00,3.037003325699016543e+00,-3.096421294124406254e-01,6.824663179062886442e-01,2.698449095194890290e+00,-1.848408199575601873e+00,-3.230426254850165879e+00,1.400867975904091303e-02,1.961322387522697497e+00,-1.115450859114865967e+00,-5.569730678496151999e-01,1.590094995735273464e+00,3.898319424395491062e+00,-1.617716722426004727e+00,-2.605532958789211206e-02,-2.725906307540154616e-01,4.563346142970897135e-01,7.685456643239474417e-01,7.044945969890710202e-01,2.261574160349899998e+00,-1.156100434595557891e+00,-7.411451902934703684e-01,-1.261681121317099974e+00,2.099766766578706978e+00,8.810055490392513233e-01,-3.787497736680948801e+00,-1.389361494959113985e+00,1.067962596917089391e+00,-5.769371419818483115e-01,-3.446968690678681835e+00,-5.338594869275927746e-01,1.035073694772176839e-01,1.053976067103744141e+00,2.362912118938764294e+00,-7.186045642016606338e-01,2.727191956424162012e-01,-1.812872400473705570e+00,9.635773598439609788e-01,1.395178377162925587e-01,7.962283675745707168e-01,-3.328661310012324126e-01,-3.067582704127940763e-01,2.453226898448604754e+00,1.201730723018375330e-01,-2.082808865348662497e+00,-1.152798756510027278e+00,-1.409158764242058215e+00,-1.847464466694418661e+00,3.496551988588723070e-01,-7.734142390289728830e-01,-3.292026449202369726e-02,-2.112806592812663808e+00,-2.280731746966119466e+00,-4.371366166961533906e-01,-7.637752475764603144e-01,1.367157999596371631e+00,-1.030060606278316859e+00,1.854739389297215046e+00,1.286583937441121428e+00,-1.944890859503574987e+00,3.124721878600619007e+00,1.792427050011125567e-01,1.902594706008237324e+00,-1.969879325764929190e+00,-1.580661180592647930e-01,2.298006633833794332e+00,-5.943676153231436388e-01,1.180039314592240096e+00,1.675601906470179481e+00,-1.109700316948722398e-01,1.743709820136549071e+00,-7.906104545238856751e-02,-9.432982588093878906e-01,4.799593914756523222e-02,2.540356846064091290e+00,-3.449028813184722431e-01,2.106219183936297590e+00,7.580840038864864461e-01,4.453471255642250659e-01,4.245064379793403453e-01,2.940240468914445238e+00,1.758981439613996667e+00,-2.432534656069530676e+00,-3.383655374832424401e-01,3.217906170517379483e-01,-7.521604433973246018e-02,-9.049693743632676313e-01,-2.591031349515260374e+00,-2.960837246346603169e-01,-5.854792973899474173e-01,-6.247244733711150300e-01,-1.026562416888776585e+00,1.277282603795498517e+00,1.109632759931641566e+00,-2.245722580803220403e+00,5.521396716511969061e+00,1.335366163514117854e+00,1.005067333430539520e+02
2.661835534842493800e-01,1.009065649959181021e+00,8.806813226410548090e-01,-3.319718812058159330e+00,8.883121286885784507e-01,-7.418381402851814688e-01,-2.163271608163562565e+00,7.965844857572271231e-02,4.579274405007245363e-01,-1.171768946054015270e+00,-3.565432478700300556e-01,1.739217001298201337e+00,2.608561474803729130e+00,9.270970165848853306e-02,2.326209079707805216e+00,-3.000370782799853253e-01,-1.282463414116570277e+00,1.738077980304236991e+00,-8.972967322203128093e-01,-2.665675201777802261e+00,2.073742650614421201e+00,8.208121074044714138e-01,1.739026141719856589e-01,-1.559003536481218699e+00,-1.577489054944592795e+00,9.039030548397956055e-01,2.657890465279619807e+00,-6.285264498470254368e-01,2.651909102933376783e+00,-1.754509370786069056e+00,-2.682095949317464090e+00,5.677702407567909726e-02,-1.800944441951164432e+00,3.790112994387181411e-01,4.056106319592397425e-01,1.401324117054985718e+00,-5.203648835352997493e-02,-1.312220745744613781e+00,-9.086717395553514098e-01,4.951378333221622130e-01,-2.129841960484211594e+00,9.731172078728428376e-01,1.351132301661633894e+00,-1.420416024879874506e+00,7.080767018855931294e-01,3.620127649410027182e+00,1.158260898631328972e+00,8.116569137851503690e-01,-1.367350453407033539e+00,-1.581560240437668519e+00,1.843696794871521938e+00,2.216515178693198251e+00,-5.714990090302050074e-01,-3.693005463097281282e+00,-3.420447940201030601e+00,1.346166546163173106e+00,1.080733742233651595e+00,-1.090753435123140269e+00,-2.068684094291646680e+00,1.392454472990735770e+00,-7.349879057406835114e-01,-8.995288967735252106e-01,-2.298928668138471854e-01,2.674022738493132545e-01,1.647788018565967461e+00,1.239728316994975321e+00,-1.339302222696042710e+00,2.695056269027965801e+00,1.289293560253288229e+00,1.181733104865803075e+00,-2.324172730652200425e+00,1.423118180246951248e+00,-3.948425934769008716e-01,9.523014648606781263e-01,4.548696241040112165e-01,2.925960545225402054e+00,3.653571870484548234e-01,-2.013981328934802306e+00,1.505949417565940196e-01,-1.390517182386516337e+00,-3.667143456287119685e-01,-7.077065891554586985e-01,4.639162063004434344e+00,2.051347808477456347e+00,2.212741564594033150e+00,-8.424819428100811525e-01,-2.769997778737095295e+00,-9.096792691704136402e-01,2.065918889845323569e+00,5.584588383228712427e-01,2.868659930710542927e+00,1.860012326986329567e+00,7.927481453152639412e-01,-1.962188271333560774e+00,9.069163921075972246e-01,-1.984308276692676953e+00,-9.491828796157660841e-01,-8.029136019653516643e-01,-6.211630311268452331e-01,-1.791524798020933451e+00,3.767127814548475229e+00,2.183255757245745610e+00,2.168170525731857312e-01,2.169346517036092603e+00,-1.156747803579790679e+00,-1.373195551753508603e+00,1.815855259975923897e+00,1.354404356328056780e+00,-2.178939054413634224e+00,-7.744090071442699674e-01,2.981853673274428740e+00,4.296091702402804025e+00,-1.813403419331095723e+00,-2.124673689453058234e-01,7.132051551897364838e-01,1.008304211857103283e+00,1.458369367978248787e+00,-2.691596763841203277e+00,2.267353411946836594e+00,-7.197544579689076905e-01,-3.627048335840774573e-01,-1.511503290618354090e+00,1.089255005612037586e+00,1.261273967844738442e+00,-2.151458925207278217e+00,-5.027987684841050964e-02,5.557890227879987849e-02,-3.259379612715721519e-01,-2.757645073638313793e+00,-1.359214567419952946e-01,4.671961479417943708e-01,4.600865113227094461e-01,3.138535910900836612e+00,2.347311409188915787e-01,-1.751968166720117237e+00,-1.420810141668547022e+00,1.575712841653688301e+00,-1.111075204003148104e-01,6.882842103443545523e-02,6.525658101033764147e-02,-5.923152593723095549e-01,2.028993982588636058e+00,3.817432319979578992e-01,-1.543173586384765983e+00,-8.625568296448243855e-01,-1.530075886392174178e+00,-2.101615033715117153e+00,6.433373089982766801e-01,-6.331412445262303290e-01,6.079756098657683738e-01,8.609452200935174826e-03,-1.176487445810453059e+00,2.532562716518191870e-01,-6.148634496919662684e-01,9.307066270375441430e-01,-7.858399216685090227e-01,1.380047891739973887e+00,1.772996125795576861e+00,-2.981900654658294680e+00,3.719875058687573954e+00,-9.537124865483026515e-01,8.183260912044163504e-01,-2.321241375099251325e+00,-2.685945390629245200e-01,2.510825924273730969e+00,6.014473199896622768e-01,6.279356977728887124e-01,4.546438360716555382e-01,6.882174026208585094e-01,1.839318939311091472e-01,6.725356011282382918e-01,5.218501918648581483e-01,-7.579728487969922268e-03,3.665892599351797454e+00,2.534289312535249472e-01,1.466159280193868542e+00,1.088234593346673940e+00,5.801964987918992733e-01,4.722074384982248851e-01,3.182845821476273596e+00,3.187946328662942808e-01,3.247230411334081079e-01,1.848815898490976106e-01,5.994380558940441972e-01,-5.820160376462863994e-01,-5.762593205856934020e-01,-2.305435948749428920e+00,2.553444964013750207e-01,-5.744085290789369136e-01,9.543291975285774775e-01,-1.763795924039038399e+00,7.351610619428683435e-01,1.339197186267911288e+00,-1.889713059764743575e+00,5.287505264679487560e+00,1.477368300671190848e+00,1.006849430320428809e+02
7.167579109803791093e-01,4.275242005367964060e-01,3.537956478000243155e-01,-2.840976965300017643e+00,1.212834546570900285e+00,-6.384235549496029838e-02,-2.013369853353002448e+00,1.096473141018496911e-01,8.566014109354664896e-01,-2.220111562932005622e+00,-1.438332347785291343e-02,1.917988639647768556e+00,2.729053010478552199e+00,-8.233921421893816150e-01,4.178854959477436570e-01,5.761832608428827385e-01,4.563394427993627822e-01,1.267859672520926351e+00,-2.338787495074929890e+00,-2.247287458491266321e+00,2.528669697200773836e+00,4.373496136899456821e-01,1.766293212717339745e-01,-1.586431078656599158e+00,-1.504807202039854186e+00,1.088849954062608871e+00,2.764775900497570493e+00,-1.286154849996258565e-01,1.847349076555077074e+00,-2.433674522866905221e+00,-2.728585429403808327e+00,5.061514638784834208e-01,-1.849729704489248672e+00,7.790264639040943295e-02,1.115804443380658872e+00,1.146417039233580848e+00,3.511140515965008313e-01,-4.656319449130446042e-01,1.078907373113802276e-01,2.809777361562223241e+00,-1.843305813104687108e+00,1.688257103952563121e+00,7.978374675161655771e-01,-1.782349445709150437e+00,9.965592323315530798e-01,4.397531414058700072e+00,1.044282081888090019e+00,6.013742373479665781e-01,-1.088955959498446147e+00,-2.443213867381860638e+00,1.065920959062198303e+00,5.230636176202764220e-01,-4.196352505260805832e-01,-2.809062298221400855e+00,-2.690234416499923231e+00,4.551402374222742964e+00,-1.220103494064056271e+00,-2.105857308523742422e+00,-2.376807083999833203e+00,2.485715409817447874e+00,5.380103804687087071e-02,-4.683099579314837779e-01,-1.465982694386113450e-01,-9.277168244138567221e-02,2.319297655449413575e+00,2.380469776817833449e-01,9.107846452731078735e-01,2.623561116130163740e+00,1.437133012655167130e+00,9.581387566019843316e-01,1.049931833951515570e+00,1.947039824652257334e+00,-5.059415191058890260e-01,2.300429692277541627e-01,6.511515302441848174e-01,2.478376697366646564e+00,-4.586163469618144695e-01,-1.914243293226888798e-01,8.511965757835013302e-02,-7.078135044026319100e-01,8.720473149280810743e-01,-7.959251937029466761e-01,3.845190976047891507e+00,2.391057081217773383e+00,2.635503827622178274e+00,-1.073883027761361575e+00,-2.568125318739536755e+00,-1.148571583325218165e-01,7.987733986134895048e-01,-1.485311219561503915e+00,3.281715590949592531e+00,1.731447816388813399e+00,1.009786908959784624e+00,-2.161994800221347823e+00,8.889377637211364203e-01,-4.620700328504433685e+00,-1.795268909066577212e+00,-4.044434161035877495e-01,-1.906018613860513966e-01,-2.395583245255417548e+00,1.304299580098412514e+00,1.935908399826668402e+00,6.224491023990104122e-01,2.339822593645772830e+00,-1.550986336897645756e+00,-3.127589046485398594e+00,2.105743172660604345e-01,1.644121151425233796e-01,-7.967983330953729570e-01,-6.994366752251730546e-01,1.357702182961639359e+00,4.028133070272811089e+00,-1.390040772326427199e+00,-1.248088688590057060e+00,6.036451522656749447e-01,4.392890477875913136e-01,7.104953841851051610e-01,8.030327939466994636e-01,2.396725684523807853e+00,-2.483606510921609334e-01,-9.868219448818008610e-01,-1.305907679620381900e+00,3.822890792130629656e+00,5.527317211978612921e-01,-3.224180106999956941e+00,-2.202412279817556495e+00,9.147396777024321413e-01,-3.512643911025415400e-01,-3.278575753494924694e+00,-9.372147754750768112e-01,7.920980134409630335e-02,1.736126658199562023e+00,3.202147625560256117e+00,-7.878837897587580297e-02,2.381575974212541968e-01,2.234658453055019811e-01,6.272509739514001703e-01,2.404906466955289146e-01,8.852096404935431151e-01,-1.302329923869069428e-02,3.398610310692665171e-01,2.992636376984030733e+00,-1.372116399616855054e-01,-9.572970299049099463e-01,-9.772553783381360271e-01,-1.364595465183865208e+00,-1.515615281216696086e+00,6.639029222213810311e-01,-8.193729187370207834e-01,3.989237837575916323e-01,-5.442463645314817855e-01,-1.357495933541576827e+00,-3.359294805181490817e-01,-6.252966731410776191e-01,1.478028233882594522e+00,-1.171314330944966287e+00,1.080784283611372354e+00,1.411805471045472604e+00,-2.606741337198192454e+00,3.162472686194102600e+00,3.098454172685508601e-01,1.423006742098737787e+00,-2.382879477528405232e+00,-1.274646337857905098e-01,1.726440988936306153e+00,-4.377581208488678932e-01,9.592674806987790959e-01,1.512303043540919045e+00,-3.107237052812625300e-01,1.823807166800739621e+00,1.360251838015325843e-01,-9.262480062309471629e-01,9.248072802556295269e-02,2.386558706776486183e+00,-4.692602148407116758e-01,2.314969206079791064e+00,1.480500012057846607e-02,9.547100486488295790e-01,3.914582728140956203e-01,2.894537386225213282e+00,1.909745562286708331e+00,-2.373859282001949289e+00,8.193749798434133425e-01,4.834480126300161329e-01,-9.227820311571993672e-02,-8.425486040688809908e-01,-2.566840857877936699e+00,7.122504963136673251e-01,-1.448425988060898728e+00,7.500764137060296211e-01,1.472905094873729226e+00,5.190620908736096606e-01,1.030207535353859560e+00,-1.704090660497636911e+00,5.271826341149579598e+00,2.051031408869475214e+00,1.007631630960714944e+02
2.615523380505621609e-01,6.727059077733030801e-01,5.852486653991585408e-01,-2.797889513425376506e+00,6.703176949631540760e-01,-8.175084802926015914e-01,-1.964997685755403678e+00,3.032905680499958234e-01,2.249694902957866560e+00,-1.874386306767352073e+00,-5.552795273200068493e-01,1.226544258319442360e+00,2.489365700193850728e+00,3.040013995001515923e-01,4.517321356090240880e-01,6.450287834941936804e-02,9.542327061400344146e-01,1.365801401980387464e+00,-1.719970709126162678e+00,-2.210277792537662656e+00,1.665550942475723328e+00,2.790092818879401637e-01,1.222368209813801399e-01,-1.315673877330382657e+00,8.569904380706296898e-01,1.140777286223993769e+00,1.420881781774213648e-01,-1.321099303838870476e-01,2.754647469951736927e+00,-1.947257457630657829e+00,-9.897181987003614845e-01,4.874296588643030059e-01,-1.738740240103419987e+00,9.391985644868064420e-02,4.665518231610921163e-01,1.211552227417037608e+00,8.036013574492718581e-01,-6.931560801222971246e-01,1.450017391915617848e-01,9.559061065357727927e-01,-1.740156852658433895e+00,1.548855063159380707e+00,1.395803294455729482e+00,-2.006638073754107410e+00,7.064584070688086914e-01,3.453617162881543301e+00,5.328078182382612882e-01,6.121834831822534628e-01,-9.971460832293466137e-01,-1.847817369700136547e+00,1.781663158355160093e+00,1.815671705402847502e+00,3.836041026260322839e-01,-3.806517647403155902e+00,-3.061525299810133216e+00,4.464831660082226428e+00,-1.055765924315144322e-01,-2.370600996526016857e+00,-4.277368406162574410e-01,-1.672683664021099581e-01,-1.479628272315847592e+00,-5.098057620268576784e-01,-3.699874613806556911e-01,1.310508147622381492e-01,2.080444134947461610e+00,1.795074783077461822e+00,-1.161881733188404375e+00,2.292689027068475216e+00,-1.101407919342027197e+00,1.414964154917836892e+00,7.219188248054988488e-01,1.305222020159760188e+00,-1.053338093924781615e+00,1.655532075161165739e-01,-9.351191306424301297e-01,6.544122560318588189e-01,-4.496136736621036967e-01,3.733007248633946618e-01,-4.689298713778425887e-01,-1.271719026385766504e+00,5.384223577231079805e-01,-1.076292082521764337e+00,4.194927040594234491e+00,2.513282156087138564e+00,2.485309926748242582e+00,-1.564724598749954954e+00,-1.856442592906895062e+00,-1.959772811565206330e-01,1.363646886814089410e+00,-1.337441241464626840e+00,3.133672000776832611e+00,1.847969123324730623e+00,6.366546716580614995e-02,-2.070282793617533645e+00,-1.588801546598976877e+00,-1.643020540629183346e+00,-9.377709586818130383e-01,-4.792381536246085316e-01,7.903476583841807512e-01,-2.116049116496581117e+00,2.724488644206725318e+00,1.930918013900930763e+00,-6.016598376329479470e-02,1.626708125342136713e+00,-1.587304174972699267e+00,-2.724394281354771685e+00,-4.940846005577138045e-01,2.255915484695409035e+00,-2.066987732645627851e+00,-9.020707787457474813e-01,2.712913328998590501e+00,2.266217765909003479e+00,-6.742701499261355425e-01,-1.562329458820861161e+00,3.643665306959664729e-01,7.042875394825696134e-01,1.760875483425531796e+00,1.257075608473447570e+00,1.625389143494207600e+00,-3.404973230566621378e-01,1.092462032194852384e+00,-5.630959092211720307e-01,1.035028155470412825e+00,1.489954388385851036e+00,-3.316857902468425046e+00,-2.261206396848061573e+00,3.217398521720656879e-01,-3.932856637364215424e-01,-2.774122020547880485e+00,6.553753659457833836e-01,8.281905472092254694e-01,1.964087464651600001e+00,2.000629705560847960e+00,-1.178327438173294439e+00,1.106661334140270903e+00,-7.464593566678392467e-01,1.176820566088633724e+00,-2.580155164395681600e-01,6.832912510131546879e-01,-6.551917498214440694e-02,-1.167520224736152246e+00,2.432059922125570761e+00,1.470325342469876173e-01,-3.049205279627094978e+00,1.104235749373157160e+00,-1.890373238061484162e+00,-1.708753984667759296e+00,-5.629486415234358221e-01,-3.612618529049227423e-01,9.080460665481716598e-01,-3.087079364165453144e-01,-1.498585862404902214e+00,1.032409503659007799e-01,-1.298875154977810809e+00,9.381282527101257873e-01,3.944509547408100308e-02,1.049980586128508531e+00,1.442031066768611369e+00,-1.564040655834479487e+00,3.678063321234483318e+00,-8.048502542102053958e-01,2.081944322376855450e+00,-2.595316529939617922e+00,2.352831685604416800e-01,2.850443323560230446e+00,-3.281270572856254120e-01,5.967727891749098346e-01,1.555058275628738995e+00,6.478537116479546887e-01,1.418897316388746610e+00,1.143993716615760325e+00,-7.612193999144615253e-01,2.312551514281664944e-01,3.092052336257566481e+00,2.823708400963143017e-01,9.792023051543418122e-01,3.569272133168849281e-01,6.921446175434891046e-01,1.504115993218668512e+00,3.161528071559209341e+00,1.628714605401100357e+00,-2.864803322633622251e-01,5.218483645691169848e-01,4.498785949925934169e-01,-1.297479426196663510e-01,-1.250293511983506356e+00,-3.184138266769153791e+00,7.630022938117453357e-01,7.064168698817677727e-01,1.251963182782611428e+00,-9.011364542738733441e-01,1.035231722832032630e-01,1.160145312280890462e+00,-1.220254496801921773e+00,5.579725196644842455e+00,2.243319095039610023e+00,1.008465857772855259e+02
-4.457990574278672402e-02,5.875702504709198193e-01,4.382842494010207729e-02,-2.555797265933948736e+00,5.973294891947027452e-01,-9.882279128287909664e-01,-1.607948254529278032e+00,-3.547221438809810001e-01,9.725422620391369621e-01,-4.343105723206138191e-01,-5.289845051041990737e-02,1.786092519220545682e+00,2.289478045267803186e+00,-5.219420735432962477e-01,2.278677551797841261e+00,-6.868479089605941112e-01,-1.545699137454962679e+00,8.244732032246293585e-01,1.440058700363494315e-01,-1.963474911602907103e+00,2.423276634111928285e+00,2.521759928821293295e-01,1.337584918031225811e+00,-2.088386216754919200e+00,8.239893005076113219e-01,1.022373560290690930e+00,1.775758135465351328e+00,-8.220149436349778460e-01,1.715557934879216262e+00,-1.671196309815489389e+00,-1.411674919633139735e+00,2.074584092923435763e-02,-2.090574472945040618e+00,8.394071693202252715e-02,5.518051012684394019e-01,8.307746299657140510e-01,8.484525393812888394e-01,-7.896893363536430233e-01,-2.231216921672974363e-01,6.303830217209590581e-01,-1.167727634286287675e+00,1.079649633087630178e+00,5.759390529990701668e-02,-2.033655527689013809e+00,1.600534174059772052e+00,4.269439972058122201e+00,6.605242772640925741e-01,1.363146816750482881e-01,-1.324675665337714747e+00,-2.229687639761392060e+00,1.149991309784158089e+00,1.723317120090681387e+00,-6.046608810313572890e-01,-3.496554768230841326e+00,-2.871312161183504852e+00,4.622009489340894284e+00,1.045268086552666897e+00,-2.328890486832320139e+00,-6.850418098120382160e-01,-6.944688081599528773e-02,3.940294771771787885e-01,-6.983093574251997282e-01,7.386299969356041606e-02,1.568408274053249563e-01,1.712329665768233644e+00,1.061083548179632574e+00,1.018321096395857328e+00,2.320398607028726801e+00,-4.765377795173997844e-01,1.089241336809056104e+00,8.252693774485873046e-01,1.357549113093340143e+00,-1.269206836255446058e+00,1.525750229184991702e-01,1.157847449125651851e+00,5.197756566066334960e-01,7.578991693290196285e-02,8.665370535257270745e-01,6.299961281437868044e-01,-1.112507899693232272e+00,1.082435162748174584e-01,-1.195816177964199589e+00,4.046270100757879185e+00,1.878113756524540712e+00,1.995771213025320234e+00,-1.484832260142845639e+00,-2.799727542876444542e+00,-1.041225731878297062e-01,8.371919662037099474e-01,-8.417467459469432089e-01,3.487735043978184013e-01,1.832040840704559415e+00,3.915334480767702630e-01,-2.270173932453139365e+00,8.861378611776322689e-01,-4.557229955106884667e+00,-8.961502138171337783e-01,-6.656510627117530055e-01,-8.294756456059219074e-01,-2.034295002622478865e+00,3.197814696774008869e+00,1.927409840654872752e+00,3.169442469585773692e-01,3.186498047979042347e+00,-1.556524552203499612e+00,-3.090284130691476339e+00,-4.749715414291725835e-01,1.779634925871134810e+00,-1.188427051417334512e+00,-1.563624595175710175e+00,2.262614589749234906e+00,2.795565540711104191e+00,-7.726848493143297913e-01,3.827588073974236282e-05,1.699371017573946707e+00,1.526875712738880730e-01,1.125935614685291686e+00,1.323776558635250344e+00,-6.664364001666176485e-01,-1.055790947194379381e+00,2.418847841224928352e+00,-4.182608085525610919e-01,4.583436829749912178e+00,1.263821550498508417e+00,-3.301831522506002869e+00,-2.183212158857509522e+00,1.813159699727366236e+00,-4.177087061402786072e-01,-2.817349196341743855e+00,-8.231507063083782771e-01,6.215826510973130326e-01,-1.510185860398651769e-01,1.131228925455984635e+00,-1.441668382126054970e+00,1.170108639587582600e+00,-7.790169501184551759e-01,1.262928038540865661e+00,-6.408344847636856523e-01,8.273019819919235074e-01,-2.433340703118912207e-01,-3.697868504457817451e-01,2.926031788855874005e+00,6.326768101328955618e-01,-2.845125274597898546e+00,9.931417555060585434e-01,-1.164315526454276606e+00,-1.462150667716872743e+00,3.768866728897893315e-01,-6.900131786311687332e-01,8.446825967590905204e-01,-2.006895533918520158e+00,-1.397950676858094710e+00,-1.835538182810690366e-01,-2.572832671127041504e+00,8.604096698694666534e-01,-1.417210777312491177e-01,1.532887228386314415e+00,7.614979030016462147e-01,-2.181938546857606465e+00,3.560270645087774799e+00,-6.180360647921356865e-01,1.477709302796430091e+00,-2.340486868347646521e+00,-4.629313233827766494e-01,2.834656149278482307e+00,-9.150781062770136920e-01,4.090087695711415727e-01,8.020285242993184793e-01,-3.064743176019585347e-01,1.537992145253936682e+00,5.209341631622236291e-01,-4.980245454963385665e-01,-6.015887881724060193e-01,3.057337482363241765e+00,-5.995454872541334801e-01,2.057402412678260628e+00,3.896501035274413383e-02,7.181008119460854378e-01,5.230644118762191042e-01,2.889300633341638669e+00,1.342109611618675702e+00,-9.145298631027667380e-01,8.899467531269812381e-01,4.090103210620140706e-01,-1.153495653704135204e-01,-2.120073349952599884e+00,-2.786800129890750100e+00,-1.812743938669872656e-01,-1.585793603917109662e+00,9.930163751692688834e-01,-8.978501337795101733e-01,1.896455499008831591e+00,4.906877409687431246e-01,-1.386769108979886589e+00,5.355903312796862714e+00,1.287458351200312379e+00,1.015105484191563505e+02
-5.642711246908178602e-01,1.024502583452762572e+00,6.010903318796170236e-01,-2.538359972420904054e+00,1.135574626570934775e+00,4.553413207955511743e-01,-1.588543239352243397e+00,8.549611772163707712e-01,1.182123209670140618e+00,-2.094415216016698889e+00,-2.640513949206689803e-01,1.966951349956959971e+00,1.906958485659689728e+00,-8.113456234892104657e-01,2.120754341646749364e+00,-1.292701877466804872e+00,9.913254146224019792e-01,9.122157392788693420e-01,-8.776501055923211503e-01,-1.812138826487500243e+00,1.560258536309045985e+00,3.129503998687749311e-01,1.347792971435807452e+00,-2.243905166670980389e+00,8.539778339494764614e-01,6.829756012987616698e-01,2.660922968384321852e+00,-4.476341177693670126e-01,1.448416665980394313e+00,-4.762705447684080218e-01,-1.558122356920330409e+00,-1.326621675889334273e-01,-1.685463788630614745e+00,4.200882710044280821e-01,5.382434902228179219e-01,1.732073351518032878e+00,1.043438603279669863e+00,-1.117849588646872672e+00,3.290130227285083531e-01,1.458840007421136287e+00,-2.834200625498933146e+00,1.559185360025653777e+00,1.930777540816989379e+00,-1.399355531238152484e+00,2.939578999920081648e-01,3.579211879797487228e+00,3.259334996797959016e-01,3.567596104122788825e-01,-1.047682756751975086e+00,-1.876779322764742908e+00,-6.917890326679150270e-01,1.890527243301208582e+00,1.844671451281771901e-01,-3.430140253814872420e+00,-2.421424508987598312e+00,3.777990743923337558e+00,6.853192021360909880e-01,-1.247689187700864233e+00,-4.256770937357768902e-01,1.532000315992205097e+00,3.207952340889373422e-01,5.274202732439482455e-01,1.605860560216360033e-01,5.989807704169286540e-01,1.787593450294383546e+00,1.128285539293728990e+00,8.144251774731078308e-01,2.276606853925534413e+00,2.955301831690804182e-01,1.674420055512971572e+00,1.723597832461514767e-01,2.383539557563448263e-01,-1.390251251533712651e+00,6.012689204215411198e-01,4.254985609882004360e-01,5.444279326755342430e-01,4.593419234871022883e-01,-1.627143129958957268e-01,2.805094051543984279e-01,-8.979149767209950728e-01,8.030000123031462156e-01,-4.097354183188585686e-01,3.499017277861422581e+00,2.629416180263895342e+00,2.345775832724055654e+00,-1.509248999190085927e+00,-2.850842822946830779e+00,-2.618836497838972210e-02,8.730879507900723979e-01,-1.416347553693698025e+00,1.035899893558748897e+00,1.805582742982892119e+00,4.784433029501875545e-01,-2.177205564134169880e+00,-1.474119803683688223e+00,-4.399233968675750894e+00,-2.216898356270522896e+00,-4.198494971747245286e-01,6.092080776595558689e-01,-2.487939736562162274e+00,1.579079840709899596e+00,1.954502481708544348e+00,5.009537310001773713e-01,2.235373321973057603e+00,-2.701876851360843546e+00,-2.147890599821947966e+00,1.808488958031190030e+00,2.393401181727337901e-02,-2.162673747500585719e+00,-1.567383088471634878e+00,2.148642856848061999e+00,2.113293026950865627e+00,-1.151077817818070947e+00,-1.507128285101493104e+00,-4.497711718448165266e-03,4.316135066659332886e-01,1.425784457254362092e+00,-2.083626298335185811e-01,2.307463426513521654e+00,-1.232347327891064159e+00,-8.078657910611929394e-01,-1.621224682743299450e+00,4.211376671655326476e+00,1.067982021986187746e+00,-1.729407692505767757e+00,4.998879624896448437e-01,6.719716774599594766e-02,-1.462349434145820137e-01,-2.588361995474151023e+00,-8.062019275998538737e-02,-3.052689249017256357e-01,1.588255692210992498e+00,1.974235302872296760e+00,6.475422469187736008e-02,1.207658486211756310e+00,-1.692497335769738376e+00,6.703653875115638261e-01,-2.676445790046186324e-01,6.924689123645286770e-01,1.987779551994838245e-01,-4.357579659825325247e-02,2.513173059469753667e+00,3.110189567951778811e-01,-1.977000675055486045e+00,-1.113490831306163553e+00,-1.179400858164618704e+00,-1.622115391673754958e+00,2.611389444710764951e-01,-2.199037634879785763e+00,5.258360169315932087e-01,-1.199028662627509012e-01,-1.728949785106058235e+00,-3.709462562902735572e-01,-1.377557716145762390e+00,1.479381123367507822e+00,-3.301034659577083419e-01,1.120835211512018814e+00,1.946554111486066274e+00,-1.990293469145631322e+00,3.331754733517103606e+00,-4.542899153202437645e-01,9.435802209059653833e-01,-2.553401727776497321e+00,1.279775663535507868e-01,2.525371483383008542e+00,-3.347605571695219662e-01,6.945736247714570100e-01,1.771110653609058838e+00,-4.612466936954765506e-01,2.477437721490162725e-01,-9.332437823029231527e-01,-1.219628646481034862e+00,-8.203792161067944289e-01,3.392937585896796282e+00,2.534138352776612590e-01,2.410639550706382472e+00,9.327614203795049352e-01,9.213982727984508792e-01,3.240942340543068179e-01,-1.303264064652611201e-02,5.798197970224157061e-01,-8.020621116383421789e-01,7.906258427681343015e-01,4.389344909323522059e-01,2.172959326449946105e-01,-1.223435494554908409e+00,-2.662867635833574109e+00,5.771552322089627818e-02,5.263965910103418633e-01,-7.487591242802449365e-01,-1.143654240462419924e+00,6.307962025451907540e-01,1.146819505784896442e+00,-1.584672618386353538e+00,4.594658636538879293e+00,2.561505366611784851e+00,1.979006658683981925e+02
-3.931576834553798250e-01,6.194351306436707283e-01,6.074901146052420486e-01,-2.279936826281936835e+00,9.807753045049352192e-01,-6.444289052758717107e-01,-1.646765257180675013e+00,6.931218860957337746e-01,8.108874482065788758e-01,-2.041901250155981007e+00,-3.855204342672921558e-01,1.751875607794574075e+00,3.101604295772005138e+00,3.235889381682603011e-02,-5.090256433098324651e-01,5.950295191649384030e-01,8.499261247346171499e-01,1.108062986381106674e+00,-7.568749282517583943e-01,-2.036991866684136010e+00,1.804989066941648845e+00,1.206275668389878097e+00,1.530779826365614049e+00,-1.089182259942350628e+00,-8.007164544548102114e-01,7.415617674670592629e-01,2.781012046612442390e+00,3.703154690878841526e-01,2.603795097945402315e+00,-1.525416249173504379e+00,-8.752345713686067175e-01,6.613443490361952115e-01,-1.598699135148434758e+00,6.223522224562975935e-02,1.078905946840793995e+00,1.771485098490077847e+00,2.743259186096267399e-01,-1.216002210931869776e+00,1.997719083480204438e-01,2.699971748560207274e+00,-1.858168348223513400e+00,1.546421354296366291e+00,1.796705000069814373e+00,-1.966353613769166175e+00,2.605674530022890067e-01,3.558807193715479933e+00,4.274014329484744357e-01,6.053626008552863702e-01,-5.654063765108972017e-01,-2.099705385404175395e+00,-3.756211871629177440e-02,1.575857948722286128e+00,1.625587404066294872e-01,-3.355569677967067399e+00,-3.266203625535036181e+00,4.484883676707219990e+00,1.295869522291407117e-01,-1.092155881329148537e+00,-5.308169555990822630e-01,-2.120374681634148717e-01,-1.581195560943731593e+00,4.160622070812640683e-01,1.646335977187725064e-01,-1.027617029191487452e+00,2.113872528040024346e+00,1.261494975186108425e+00,9.317261514906702846e-01,1.768449015246528644e+00,-5.525630875210245652e-01,1.572012682106367354e+00,-2.393527253940669564e+00,2.411297415419452750e-01,-1.234713927186679605e+00,4.933324910252506745e-01,2.559828762765573584e-01,6.866713287331445148e-01,-5.649428179800167760e-01,2.417014121084509470e-01,8.075532892220688153e-01,-7.068952076008028218e-01,1.163937408252386785e+00,-1.097097367666898027e+00,3.715264914648286343e+00,1.922975821974439059e+00,1.672870694220404575e+00,-1.554268130484869337e+00,-1.775371311121278994e+00,-9.526039350858109822e-01,1.759655784430675718e+00,-1.472668684473769529e+00,2.747009852091450099e+00,1.966557734284653414e+00,3.847637926019741306e-01,-2.048235224120170450e+00,-1.547556039142678808e+00,-1.438074502739568050e+00,-1.631781432855800240e+00,-5.335032958870488118e-01,-1.726522018422020355e-01,-1.746550223138806368e+00,1.834034936593152310e+00,2.132952324237834318e+00,2.078872103766513657e-01,2.580334128563237073e+00,-2.698999161002265001e+00,-2.615232624666036454e+00,1.755593798624402568e+00,-8.288546198354937444e-02,-2.447245005480462865e+00,-1.429703384208013128e+00,1.631272089484820054e+00,2.060639108058740732e+00,-1.428363898111444152e+00,-1.509465717802075613e+00,3.491029115429977181e-01,5.832752651855328541e-01,6.443322020116044602e-01,-6.668022110148288384e-01,2.520080388825666873e+00,-6.656680784191709721e-01,-4.215097690273919007e-01,-7.748142802021278364e-01,1.101322394516143222e+00,1.828544224717005395e+00,-2.044298199017310580e+00,-2.358629174628729341e+00,1.908093160544401812e+00,-2.382962199055406183e-01,-3.145396706999147973e+00,6.205664065016774228e-02,5.863536353772487164e-01,5.099258781911835126e-01,3.206458646194108919e+00,-1.261919228743006993e+00,-1.542978519653168235e+00,-1.455299590550212185e+00,1.374111409441461706e+00,-1.581634566412380427e-01,7.683549054392939670e-01,-4.549435575869243409e-01,-1.041827066119717315e+00,2.811720283358974282e+00,2.482192661818209412e-01,-5.245521844151816993e-01,1.052324389609935018e+00,-1.118930809476612831e+00,-1.459895392908027834e+00,6.495583668508527753e-01,-5.323322851498281105e-01,9.759011988728221176e-01,-1.616280476539620203e-01,-2.440972410947245486e+00,-4.177160202099435282e-01,-1.239980836553216337e+00,1.114881633153135931e+00,-3.602838666818646285e-01,1.234095498406048819e+00,1.912243959527130999e+00,-1.871005340856216170e+00,3.230836360148404474e+00,7.482419432314233454e-01,1.104344859194508199e+00,-2.155762768844554866e+00,-1.360611248622739244e-01,2.142832114178162328e+00,4.337535448766161039e-01,6.261659203160270248e-01,1.903234672541554096e+00,1.424672529087159800e-01,3.264770768855940752e-01,3.552185121367017473e-01,-1.196237260063101715e+00,4.113382489690396993e-01,3.347733951651425510e+00,6.425990447602422106e-01,9.854896952328525694e-01,5.544470147989297715e-01,1.145310024438230156e+00,1.318064909292421927e+00,3.016688879086827146e+00,-2.490036364722277851e-01,2.176554578198187095e-01,5.065936297265307697e-01,6.544708621714268038e-01,1.625102142622562307e-01,-1.219439105024499703e+00,-2.650427176340208302e+00,-1.387924138171529043e-01,-1.498202462231131404e+00,8.785028603063419483e-01,-1.470176996674587455e+00,3.022266361836077886e-01,1.149313098023609703e+00,-1.404970719178197491e+00,4.545178596439033214e+00,2.424637370664564529e+00,1.987614922726256168e+02
3.380268727855209043e-01,8.451628738527543483e-01,6.539005294529232071e-01,-2.335950663450041098e+00,7.651853781778638064e-01,-5.914946430195717753e-01,-1.174225693380680724e+00,-4.081656992466396461e-01,6.864532934632211481e-01,-2.175895724760634753e+00,8.741174594125276920e-02,1.951887753882364684e+00,3.161926599562220552e+00,-8.275158697969769994e-01,2.339690222816390275e+00,-1.184763270094311816e+00,-1.716924139846977004e+00,1.476820155804896784e+00,-7.230813061871292913e-01,-2.058786182463128167e+00,1.953870418030751122e+00,1.002163739679179599e+00,8.951402111050907329e-02,-1.823059427352483386e+00,1.496664178308782622e+00,1.236308013795469618e+00,2.922281816555672318e+00,-4.164883860440786179e-01,2.524130975574470970e+00,-2.487241843185608037e+00,-1.072544181691748921e+00,6.701624848484859509e-01,-1.256167342164375089e+00,-1.011160137318999064e-02,1.206179436031365793e+00,1.194151834964344516e+00,8.909192818149247461e-01,-7.673837155752767369e-01,-1.271363937664031496e-01,4.788154235242182422e-01,-1.926998534895160820e+00,9.775932550086327000e-01,1.147065513115101520e+00,-1.733474595510600347e+00,1.241595340060429820e+00,4.503792461779074330e+00,2.021901162502257154e+00,7.989941856621799454e-01,-1.161776153470299722e+00,-2.183099473771820787e+00,1.023081107440236615e+00,2.335665131912990855e+00,-1.613446442218269272e-01,-3.276233681295057210e+00,-3.270878727529955565e+00,1.720516624280682416e+00,-1.019574316804183062e-01,-5.301072210650767946e-01,-1.146531265314382875e+00,1.275376609351305035e+00,-1.504797904869815683e-01,-6.240760133760810957e-01,1.821294725636789735e+00,4.760938516847541546e-01,2.757708403617690429e+00,8.267930889371448711e-01,-7.282045356199563502e-01,2.593034548197293621e+00,1.200587028319240579e+00,2.309379596725399608e+00,-2.303971720330484918e-01,1.895813678673595737e-01,-8.715502597812787577e-01,6.936080276899885266e-01,5.757571494880306950e-01,1.724730201712919020e-01,4.062533346217121755e-02,1.085909871607793731e+00,7.064446514999287441e-01,-1.135054143713051689e+00,-2.914890674032762918e-01,-5.300444114082127900e-01,3.632062360181937954e+00,2.333333840258132508e+00,2.321284434367379301e+00,-1.415279060136146905e+00,-7.832047503473976713e-01,-7.739589319277345725e-01,1.130739300860538865e+00,-1.929354991609650627e+00,1.228804748359695331e+00,1.510860449064107103e+00,7.339303440427105141e-01,-2.017713329084748430e+00,9.536641181634266662e-01,-2.643368127004237067e+00,-1.533606558884878179e+00,-7.001727341745639377e-01,4.732860885837976150e-01,-1.762198888344909120e+00,3.321857301258261064e+00,2.527737287680388079e+00,3.515894698982572342e-01,1.590654774472256561e+00,-1.938717035605749039e+00,-2.638587407603358859e+00,-3.927298141770241835e-01,1.818477792030939177e+00,-1.793602664974943028e+00,-5.373514269095646112e-01,1.916251786483791797e+00,3.005682513697288893e+00,-1.153293519252821975e+00,-1.955635930720757421e-01,2.239583775929177456e+00,3.994368758471484315e-01,6.305272144789326738e-01,-1.820722965859529419e+00,1.138967284662807833e+00,-5.563759701397358315e-01,-2.992075030530460533e-01,-9.221856559320101843e-01,3.660492439488707284e+00,1.467161634787017555e+00,-1.923239263419048939e+00,-2.187086708350275632e+00,1.444630893229730262e+00,9.991519043528697130e-01,-2.634682299892475932e+00,5.247766216526149607e-01,3.764917476740680113e-01,1.379788000239365653e+00,3.294276960547717792e+00,3.240965295138170665e-01,5.924540688571675595e-01,-1.059547148191289478e+00,1.596720739113050680e+00,-6.759622116088717103e-01,8.449734870093038586e-01,3.592507782675127825e-01,-1.998503258723383358e-01,2.579363354114491358e+00,1.347565348333167601e-01,-2.273868828419718824e+00,-7.272229838794810330e-01,1.077112326934679398e+00,-1.341732023732014278e+00,5.685279924977794108e-01,-1.213013142618343698e+00,1.071236683733643558e+00,-7.008945063177860479e-01,-2.490543604173806713e+00,-6.296898146087105408e-01,-2.090654364252277908e-01,1.324013391857271404e+00,-7.923827330689604542e-01,1.783930508750362298e+00,6.014610811224686548e-01,-1.643846516759965404e+00,3.593054384602334839e+00,2.958588003000903743e-01,3.043582435340280723e-01,-2.084309091337349873e+00,-3.175919808113718545e-01,2.237433054419587286e+00,-9.703721215871868866e-02,1.213512259138257221e+00,9.038430989197584475e-01,8.647897129593216103e-01,2.781074098801698119e-02,-7.822839829509330156e-02,-1.194711264852530846e-01,6.306177580238849778e-01,3.170994155887271848e+00,-5.314270910699667727e-01,1.920274968155752937e+00,6.999940953980736680e-01,1.190401189345864807e+00,3.907153461520592175e-01,2.907206667386321719e+00,1.600076353836726195e+00,-6.903972721535130974e-01,2.764704473869914469e-01,5.687819832989038371e-01,5.744318982554783015e-02,-5.759996878365356565e-01,-3.313036558514216967e+00,-9.911790464995762218e-01,5.306701269580111902e-01,9.069787901271771924e-01,-6.657089880714812669e-01,1.120081663832792840e+00,1.464312636249098798e+00,-2.011425455200175350e+00,4.806609522096533027e+00,4.721438112830491640e+00,1.992477566787113119e+02
6.442749983787160462e-01,2.453837501438417557e-01,1.110038170524915435e-01,-2.325836580130033582e+00,8.290937891786586134e-01,-3.961759802314149259e-01,-1.309909025974433483e+00,-7.062270869861778655e-01,7.760314698788439713e-01,-2.318995760467563727e+00,-2.942450488698314034e-02,1.872888587231724022e+00,2.006603608733957156e+00,3.253087529923359700e-02,2.105935847416157802e+00,-1.443045289150694188e+00,1.602056750314343470e-01,7.316245989019209972e-01,-7.336986741660420641e-01,-2.030622218595590667e+00,2.795901060364339497e+00,1.863104215102757699e+00,1.337946430166998546e+00,-1.799359061081490463e+00,8.977962358243694041e-01,9.750959923492731329e-01,2.864816749101056104e+00,-1.773156123875462842e-01,1.416712890487751286e+00,-2.204318077679373378e+00,-1.743945538392046135e+00,-6.961876230156849310e-01,-1.095947146205887845e+00,2.529900952465331532e-01,4.032660514201563129e-01,9.057589626404558558e-01,1.357166189751966290e-01,-1.977459659386760604e+00,-1.057949943232048051e+00,2.055788481604501339e+00,-2.242628642704221631e-01,1.025973722230749896e+00,5.839238448799657366e-01,-1.687968826576071946e+00,1.137744798217343645e+00,4.557213548581634299e+00,5.390322001393196283e-01,1.039574058551332003e+00,-1.770789045073846601e+00,-2.181632246620668347e+00,4.160974382833592528e-02,1.638649380006537593e+00,-4.876814978031314141e-01,-3.648667849252555939e+00,-2.885300772235624756e+00,3.880412735007169545e+00,7.777287429207733194e-01,-2.073612532730323421e-01,-5.178589907132443715e-01,1.836795251674596452e+00,-1.149101362050141684e-01,-9.868814269613576107e-01,1.301317456350375323e+00,4.496943670441367336e-01,1.095963691578870192e+00,1.227284487581953298e+00,-5.143511923431687283e-01,2.282628201612736163e+00,2.439632611147770636e-01,1.852824740319027441e+00,-1.595276767643709348e-01,7.992261538174683100e-01,-1.436611644756825346e+00,9.679768733474822806e-01,1.513904025861992242e+00,2.253910784651038668e+00,5.527470726393590716e-01,2.446198623646191894e-01,-6.137852405681417656e-01,-1.131738942909377155e+00,6.547506187905078878e-01,-8.403152784399695596e-01,3.497292223785225307e+00,2.049679084331102352e+00,2.037632167173397235e+00,-1.588329956765519579e+00,-1.036467136451602045e+00,-1.050305491484030407e+00,1.192607680213746191e+00,-1.212444281621655406e+00,4.198160978820684730e-01,1.723985918781462567e+00,6.808551850575635944e-01,-2.108309386264227481e+00,-1.744723983365407571e+00,-4.529472164404857004e+00,3.637707695736986935e-01,-9.750260853562136010e-01,-1.255110006503868392e-01,-2.783833802667623036e+00,2.842876399002555399e+00,-4.330552158627480885e-01,7.015955986351631868e-01,2.982244956294407334e+00,-2.087889501576237539e+00,-2.688620089057241813e+00,-9.856382286481572830e-02,-4.439032567974893206e-01,-8.351597222584140612e-01,-1.669655182777931124e+00,1.716710590450617246e+00,3.004652425344716438e+00,-1.039012445645787208e+00,-2.866783329127443603e-01,2.093328864958021729e+00,5.090689660010647710e-01,1.144746860565062141e+00,7.135329039296122167e-01,1.948816470236731879e+00,-1.039607456506507877e+00,2.351883197957238991e+00,-2.704068398824945318e-01,2.009857111506780036e+00,1.210823597080631808e+00,-2.141884931667803915e+00,1.158463517712420954e+00,1.776936598800828548e+00,-4.367508334798492764e-01,-3.396274317040153701e+00,3.005129002066370125e-02,1.380754079704043236e-01,8.331799065995086906e-01,1.515950653553365779e+00,-4.771311367807727910e-01,1.236997084335626162e+00,-1.745909888955511136e+00,1.150970380299681128e+00,2.313204650486461456e-01,1.211974973736299921e+00,3.088653107518266050e-02,3.428410686983879296e-02,2.642716351262303309e+00,2.555505700388867041e-01,-2.250280130997877492e+00,-1.088334317988106648e+00,7.643064415982100401e-01,-1.285700462598364346e+00,6.440858250664817097e-01,-2.850749268509711776e+00,1.125704454325801240e+00,-3.220796100345286739e-01,-2.360474209847648108e+00,-4.095837470285372817e-01,-1.167233847245899403e+00,3.563859370224576661e+00,-7.272839900764620502e-01,1.879639323989397592e+00,7.923748473497866929e-01,-1.881036291282904394e+00,3.826899811138570140e+00,-6.418660655085823841e-01,1.935606107081671245e+00,-2.388489196840995810e+00,4.041042252500519072e-01,2.371835045905497985e+00,-5.112468166580075302e-01,1.239494068808085547e+00,1.610846042803215861e+00,1.950262705708383226e-02,1.456092882597931348e+00,4.096263810188933707e-01,-1.112835115480568016e+00,4.352626180906022935e-01,2.720494124024966709e+00,-4.075053714860298326e-01,2.235959507305594673e+00,5.227047914978916188e-01,4.384011175967053586e-01,7.253202770900919472e-01,2.794125497873344521e+00,1.904499452452963482e+00,-9.029404823721899342e-01,-1.922541814388902259e-01,1.198481662953359006e+00,5.500117082264154300e-01,-6.159438893675286408e-01,-2.803200242599707792e+00,-4.812722011798086785e-01,-7.367329286494761487e-01,-4.125819299446361610e-01,-9.386721340090042887e-01,1.759745480548148056e+00,-1.809820710597980442e+00,-2.480583086446000785e+00,4.689533148314296795e+00,1.251419283805195404e+00,1.996512977220748724e+02
-2.041731397545952856e-02,9.754892270458321857e-01,2.247314853683083369e-01,-2.630076740529644130e+00,8.203196067663329760e-01,-1.338417124956303716e+00,-2.135510302514867398e+00,-9.780610717269025423e-02,1.058702616815742292e+00,-6.741029221860429521e-01,4.341349923842785508e-02,1.267488426647874089e+00,2.105919845009426083e+00,-6.471389747498208500e-01,5.058467049190954468e-01,-1.087211796156802412e+00,5.370656651476192200e-01,1.115914024644641067e+00,-1.115265079623606992e+00,-2.859817925466374700e-01,2.030567428758689896e+00,-3.809395441231966384e-02,1.034064124496669068e+00,1.344454848202935038e-01,2.196411420893725541e+00,1.072947389814104646e+00,3.667432405048940969e-01,-7.789678996989310988e-01,1.705671561174398887e+00,-7.400503299814868985e-01,-9.648683053111251073e-01,-1.060632720038903881e-01,-1.815682969216294129e+00,1.736650822772795255e+00,4.095082053806168298e-01,1.605135288194338150e+00,9.980148105036240613e-01,-1.184731962998420540e+00,-2.770268019158440564e-01,5.157887777562433218e-01,-2.536529078805069393e+00,1.074171926126758825e+00,1.334723552478887854e+00,-1.971627127143251057e+00,9.213632947275831597e-01,4.765067268362889408e+00,1.007515477665812620e+00,1.064419486155415040e+00,-7.036620380869051949e-01,-1.798157322407062386e+00,-1.989136096848194701e-01,2.194938584835291806e+00,-1.988069595961772240e+00,-3.481912734487272676e+00,-3.403088116943302044e+00,4.624333222485208061e+00,-3.739726111451605606e-01,-1.064613269635686699e+00,-1.985647075400386763e+00,9.801305544315938034e-01,-2.954386790555882381e-01,-3.656283622853198079e-01,1.103706311423026776e+00,-4.599404329003066449e-02,2.621350958110163720e+00,1.026083285773075504e+00,-8.980864779983952495e-01,2.456663169934099500e+00,-1.063627527974532638e+00,1.168065197718279435e+00,-3.129060529039832117e-01,1.758774279411160490e+00,-1.074089677490726036e+00,5.522410242307538297e-01,1.772896302071492181e-01,3.200639041308370181e-01,-3.738999170000529282e-01,9.860797215132095506e-01,5.907309951695877137e-01,-1.011968124216310772e+00,7.530913730037519516e-01,-1.070988843104448751e+00,3.519508642312115576e+00,2.284690293062309419e+00,2.405181526845907136e+00,-1.832964717012281808e+00,-9.862722458791771674e-01,-8.023645359440543245e-01,1.082746424758343817e+00,-1.165541298196980158e+00,3.065196561751290627e+00,1.320875708887100153e+00,3.360452267890163824e-01,-2.033543510664383103e+00,1.858895311601690969e-01,-5.110534982990200703e+00,-1.588673368751214454e+00,-9.755835505062888657e-01,-4.621554583785293380e-01,-1.844683895573958621e+00,2.985916794731674706e+00,2.085269167407230118e+00,2.117163502853629808e-01,2.766399262932226044e+00,-1.723808417350543465e+00,-2.538157807811125100e+00,1.244634131771810592e+00,-2.968424460010322119e-01,-1.743567353451215940e+00,-1.055427555844810961e+00,2.173667960674004362e+00,3.110954594750274360e+00,-1.259472449665962168e+00,-2.062693021033568663e-01,2.170249334999245328e+00,2.383578931934153822e-01,3.193952728260136542e-01,8.938331799503812514e-01,1.492897501006472893e+00,-8.754586523707681422e-01,-2.639919748013179190e-01,-1.819247668557893327e+00,1.212281821963407946e+00,1.646755834988154810e+00,-1.797005570570152200e+00,3.862024235488352719e-01,1.886168136113260063e+00,6.574057412492763097e-01,-3.475669482350267625e+00,5.146815716928054840e-01,1.474351243889613916e-01,1.283316453079856867e+00,2.157649654516716975e+00,-2.330194310266398283e-01,6.814850023600500517e-01,-1.125051209412786690e+00,1.480160109169869287e+00,-5.110154547695329175e-01,2.051727280095669848e-01,4.786648955856775967e-01,-1.262916420001212459e-01,2.678179537103109631e+00,1.635371343769474461e-01,-1.940136884416711061e+00,-1.132877283403955548e+00,-8.319052950560505977e-01,-2.065937180728361078e+00,3.254244729975962480e-01,-1.201884649793566906e+00,4.336275652108161349e-01,1.013295008134188491e-01,-2.384212693148915818e+00,-1.813914999034429293e-02,-5.682453104015511292e-01,1.049881334153673240e+00,-1.143501998209646819e+00,1.737591768601904230e+00,6.863746252799520775e-01,-2.139471241710337424e+00,3.665585956709287441e+00,-5.098234373446616230e-01,1.694685550715784084e+00,-2.248595061861943023e+00,-3.741010491980918673e-02,1.859907889059587482e+00,-2.276229742854030125e-01,8.701918416960048308e-01,5.323193999000863652e-01,-1.313270416364890336e-01,1.887931177516626757e+00,3.145759293259670075e-01,-7.700116604815803178e-01,-6.705610686802367937e-01,3.067667492300328203e+00,6.204086570762510355e-01,2.247041259495191845e+00,5.797109290889941313e-01,5.658095505609497256e-01,2.251003405426368342e-01,3.149890058397899484e+00,1.618831750021162641e+00,-6.756004485031363860e-01,5.555793091653263849e-01,1.437391702114836800e+00,-4.208201303452512726e-02,-9.880939363457896807e-01,-2.428818237791777079e+00,-5.005075038405072396e-01,-8.950596754379266384e-01,9.998756045593691910e-01,-9.186181023194865958e-01,1.240794462624802641e+00,1.415718398679061574e+00,-1.584649996864578414e+00,4.673401088664079772e+00,1.567715570326881691e+00,1.999795427772774872e+02
7.973124668885208655e-01,6.656658478857102601e-01,-6.098392537823400517e-01,-2.278600619574507657e+00,1.019545582281971008e+00,-1.765452846430102529e-01,-2.081109323430121005e+00,1.594597944225496777e-01,9.712683074258189331e-01,-1.284957469467846947e+00,-1.321075797666809160e-01,1.110151274720384551e+00,2.212270664512013596e+00,2.932865419630388271e-01,2.423493955566119684e+00,-5.973530787329757175e-01,2.290466426856034854e-01,1.609948961115718724e+00,-2.299186780269424357e+00,-2.137181822473525727e+00,3.237679607900086687e+00,6.842154084405946968e-01,1.619737262291251367e+00,-1.885924111857558705e+00,-1.354058157926774975e+00,1.051851287326064144e+00,2.887026140508129668e+00,-4.600944157029307480e-01,1.599006864755922130e+00,-2.389192135077686796e+00,-9.790668850370869425e-01,1.305480761193923644e+00,-1.784830602273121736e+00,-1.188321585901936095e-01,1.312901705406979369e+00,1.009986435747137756e+00,3.177153228806678387e-01,-8.043305635828655875e-01,-8.483133739272602503e-01,3.075771588732546746e+00,-1.782274770997842817e+00,1.292417257078189330e+00,1.927638796106390551e+00,-2.045660126016905167e+00,9.064994489698960933e-01,5.150194315030099723e+00,1.189779168321434266e+00,5.418883523182820294e-01,-1.267839423792513243e+00,-2.010795636888706994e+00,1.236040655868083649e+00,2.091124356055221067e+00,-3.296963960569445629e-01,-3.318590140748675310e+00,-3.241203821212503389e+00,3.553457223533081244e+00,7.383832011721762623e-01,-5.170928930660565470e-01,-1.100772397881714770e+00,1.908860720820176049e-01,-6.978479515549471102e-02,-8.688128285861278499e-01,7.739615061871251145e-01,-1.268207049975187406e-01,1.863673249948006649e+00,3.757444161615695055e-01,-6.732312736926484575e-01,2.802022611227073412e+00,2.717142295994778300e-01,1.634852352108618012e+00,4.715364452329686151e-01,3.614130049897784080e-01,-1.358668860813556645e+00,5.086267438682238184e-01,1.780617218246581146e+00,2.634083735605843857e-01,-7.668243050037170105e-01,1.230627749337287025e+00,-2.897665720998185424e-01,-7.963640772563284065e-01,-3.184051400240791585e-01,-8.345101283117450919e-01,3.213809136597336469e+00,2.398252828271642656e+00,1.828916387308936020e+00,-1.445180385267970991e+00,-2.574523435376042002e+00,-5.392165431438402656e-01,5.925484479219720324e-01,-1.593895208795532703e+00,1.177705397323600467e+00,1.393763556739784359e+00,8.131271437315910067e-01,-2.248936970551631109e+00,8.790062905986832931e-01,-4.388453340229432342e+00,-2.204313885245026583e+00,-4.897635861759427334e-01,4.843834711271913784e-01,-2.341606786052524036e+00,1.268350827512146006e+00,2.618608886821659487e-01,3.482814328954914052e-01,3.196538859506528940e+00,-1.474907015743577965e+00,-3.259041881786255868e+00,-1.751946391046280832e-02,9.893058026911505376e-02,-8.496943885132347551e-01,1.667835222168588261e-01,2.111444428473258306e+00,2.930457791224210684e+00,-1.357371039526403145e+00,-1.754577999361562612e-01,6.733736980244534598e-01,2.962358703349659006e-01,6.760929607838178645e-01,-2.114729150334462293e+00,-6.765648238481417609e-01,-5.420210264478374507e-01,-7.245713853131048321e-01,-6.895449024630140311e-01,3.654058038237621542e+00,7.532669130002982438e-01,-1.999395062751212482e+00,1.175972457737750332e-01,9.805724914944597970e-01,9.262981449145876178e-01,-2.675337314579390835e+00,-9.435517564069514362e-01,1.812848684025110957e-01,1.443544585548601100e+00,3.087722068156279587e+00,8.462967499205972799e-02,6.039780651030008940e-01,-1.803683995734193690e+00,1.185975400217621045e+00,3.460288218521295756e-01,7.876489112133867598e-01,2.771689566479029754e-01,-4.578960016926790777e-01,2.879046540220445038e+00,-1.309806937724497522e-01,-9.271821173222711820e-01,-8.661043587305641278e-01,1.063325155582801829e+00,-1.462645676949140716e+00,7.501693755763056970e-01,-7.248892194198821581e-01,1.058387975913355428e+00,-8.597542641402442509e-01,-2.119452308947572305e+00,-5.309205831716504731e-01,-7.505391661560306682e-01,1.321062213576717381e+00,-9.414414168114388914e-01,1.093300644576321146e+00,1.812742403353491794e+00,-1.340359420237522858e+00,3.086180176561068578e+00,-5.085783425930080481e-01,1.916301090124065576e+00,-2.464328403920202248e+00,-2.901778498786011795e-01,2.432945601370278155e+00,-9.120598811990674459e-01,1.087166987153366460e+00,1.618986291853511172e+00,1.576802835287272886e-01,1.864294401790426603e+00,-2.527281354143320335e-01,9.446904052330619139e-01,3.827617312867424848e-02,2.331799899179664681e+00,2.688796676679797160e-02,2.152807838569369636e+00,2.649422610896382535e-01,1.012957497069870261e+00,5.418575047900423547e-01,3.030678959732683531e+00,2.172334967229767044e-01,-5.691172139885705139e-01,2.898441711260691944e-01,5.688549104761512210e-01,7.525353818081284563e-02,-5.638377867451025427e-01,-2.465755065737142981e+00,8.286479028401044777e-01,1.383356083227451350e-01,7.886728952296331308e-01,-8.065347733957942689e-01,4.958086686854627501e-01,5.085764158635511789e-01,-1.404260032981919926e+00,5.337031130983968197e+00,2.131307194954697781e+00,1.999872445534429630e+02
-5.315056655249421613e-01,1.133937389387160266e+00,5.854391041540009111e-01,-2.366074502188249440e+00,1.089924813332530995e+00,-1.399746618029256595e+00,-2.178450445011178793e+00,1.087433666983943059e+00,9.302750118984927097e-01,-2.074930332574278058e+00,-3.931615129522683105e-01,2.071707889521691381e+00,2.908024953246124866e+00,8.358358004902824434e-02,2.655723099376326335e+00,-1.015680592465243892e+00,-5.785922890707668742e-01,1.643312871244525519e+00,-4.906496455016332581e-01,-3.911407317642597858e-01,2.530990212880380064e+00,1.294116943626244076e+00,2.706475299515490596e-01,-1.862544949624671098e+00,-1.230435783855175824e+00,6.935255280606276163e-01,2.234199316494907883e+00,-5.701484438943317246e-01,1.053981885817397268e+00,-1.397395663565426993e+00,-1.136236288615454448e+00,3.648567344621446162e-01,-1.577108950901247253e+00,4.572295919478913118e-01,5.018701896630225479e-01,1.947713162184623314e+00,9.825912207977165469e-01,-1.160472169528064867e+00,7.757294834500466640e-03,2.722196885118741250e+00,-2.426440931495089437e+00,1.191168263673711980e+00,1.222548872188060187e+00,-1.484233793529506240e+00,1.248303947067921360e+00,3.535679363614186776e+00,3.877907175973676068e-01,3.602015964065213294e-01,-1.192312127863266902e+00,-2.147028259788856364e+00,-1.470296799984034328e-02,1.493575510277170837e+00,3.143474488200653782e-01,-3.441554416621398715e+00,-2.709470499931348808e+00,3.738692231868224081e+00,-1.290199141900429947e-01,-9.063668607937187538e-01,-3.153166950712384953e-01,1.237250904463597756e+00,-2.016485923977277550e-01,3.611955981576711605e-01,-3.838299450952864511e-02,3.203372291021219787e-02,2.560668848104206585e+00,8.683609731490201655e-01,7.903834802521166880e-01,2.584284296328946517e+00,1.044810214127906534e+00,1.804968278954976801e+00,-2.627474109440136596e-01,8.804348598665698300e-02,-1.382286701742962753e+00,5.277674858402683356e-01,2.907703570661492321e-01,4.585451307661464471e-01,-4.904830020074343877e-01,-2.140215250436488248e-01,7.354300459796238032e-01,-1.081288397522084166e+00,5.544140186135189108e-01,-1.113832408944513075e+00,3.590455764664615579e+00,7.461370619708755925e-01,2.558492381267162941e+00,-7.643814924243890196e-01,-1.775409744175550308e+00,-1.673103731863986171e-02,1.147393233719135708e+00,-1.503337229119689811e+00,3.214082371687745798e+00,1.319162638590491765e+00,4.554058897038087972e-01,-2.117840553582120311e+00,6.918206889875287979e-01,-4.368185121774456725e+00,-1.560601888368696955e+00,-5.258414248565584925e-01,-5.041907145632328335e-01,-2.505728099522107843e+00,3.381575031689326494e+00,2.008918111600973333e+00,6.318582338462273018e-01,1.577814523935326285e+00,-1.559620462263215490e+00,-2.533158536597638566e+00,1.241389682114442561e+00,1.175921497101142521e-01,-2.018278370255877974e+00,-5.578674145427612308e-01,1.579879283807618995e+00,3.082722447072197003e+00,-1.267582144404127087e+00,-9.528400897121266921e-02,5.040488142896446533e-01,4.670815169412983470e-01,1.493134336345470548e+00,-6.202448488655256664e-01,1.869346247251010062e+00,-1.002864665921216814e+00,-4.068843525797710137e-01,-1.633052698989551521e+00,3.805945783664232529e+00,1.443102173729465587e+00,-1.926971429460766272e+00,5.174159203537178620e-01,1.264221220090667730e+00,-6.744832603984052266e-02,-2.942003194603919791e+00,-4.174836341879016866e-01,-6.664723408102077862e-01,1.387027296866065809e-02,2.217262648136831604e+00,4.508823859032753956e-01,-1.714734496896789251e+00,-8.576462887675807556e-01,1.140981797841712053e+00,-7.753767849337773743e-01,7.462632936321752508e-01,-5.403479587388921868e-01,-1.324008546189974211e-01,2.922227511784400544e+00,-2.864843029131933227e-02,-1.819078087750756634e+00,-6.242567959014423407e-01,-1.070327440430322907e+00,-1.591955958323236331e+00,1.012200009724860017e+00,-7.139026664104831665e-01,6.165069500475663933e-01,-3.346892112516293705e-01,-2.403719413493427215e+00,5.841078200057426423e-02,-6.311768800931429890e-01,1.297058494718068555e+00,-2.649479357676726154e-01,1.735098786704096563e+00,4.554129102329205203e-01,-1.725318869133265709e+00,3.612795039933072605e+00,2.440782818666205056e-01,9.160191750778156061e-01,-2.521798695197998263e+00,-1.373089906120629755e-01,1.646057661748889345e+00,-1.819412970307500432e-01,9.425392277788186002e-01,6.467268876863098148e-01,1.029068883267462819e+00,2.376125985420095010e-01,-9.179172562345732089e-01,-2.959559576450563334e-01,-7.531721426240054473e-01,3.363247609131979399e+00,1.242153637872288746e-01,2.085005448079723323e+00,2.821291582230680550e-01,1.047954129938202028e+00,1.202660575446340002e-01,3.353183688644168381e+00,-2.613144731652932706e-01,-4.371423479519071509e-01,-2.052043030826008752e-01,4.332849597517373086e-01,-2.329742870253155573e-01,-1.173189518196244840e+00,-2.640515418491692134e+00,8.385135023726997261e-01,4.644023916734955071e-01,9.291164229413859665e-01,-8.370606590663186575e-01,5.822209448446408198e-01,1.075228475566526676e+00,-2.139918499068022228e+00,4.671600206554445300e+00,2.786499685248725378e+00,2.001626620142237982e+02
-4.923721739412504350e-01,5.029554085324279278e-01,2.289373799151402100e-02,-2.747697310729076303e+00,9.838735378708252099e-01,-3.912816058715781198e-01,-1.804700514843626813e+00,-2.933548460958234072e-01,2.179533995261981882e-01,-1.008517114016707766e-01,-7.389551975484636159e-01,1.617784524127876988e+00,1.913357333801718463e+00,1.404376231882588366e-01,1.686337123359571144e-01,-1.516133530352695491e+00,-1.462786980077098953e+00,1.547431242128724405e+00,-6.280161168264299931e-01,-1.885085472480803270e+00,1.788850245554465923e+00,-4.175892436101051597e-02,8.822055106837830563e-01,-1.714610053201486295e+00,-1.225741985503651099e+00,7.718423584555567096e-01,2.258753952219561434e+00,-4.738235388276406668e-01,1.666061769046335073e+00,-2.070110951018115486e+00,-2.510951008917391647e+00,3.149990690044759956e-01,-1.179981690250327730e+00,4.608531801047794918e-01,8.046281773949204297e-01,1.904065159666695761e+00,7.350419856065738555e-01,-8.989447211726752096e-01,-2.327901193446987038e-01,1.483448171205081767e+00,-2.061087220231183181e+00,1.501820748645694259e+00,5.652588327685417191e-01,-1.892683483544241652e+00,1.060671481539772865e+00,4.844466922902954664e+00,1.046229157700809598e+00,1.088506281381269591e+00,-1.400885922776999859e+00,-2.185024580591774512e+00,1.781896241937751757e+00,1.274587754304532972e+00,1.034624761423992706e-01,-3.336719220377573514e+00,-3.069501498369946457e+00,3.366170883312926687e+00,1.131541974560493546e+00,-2.173972343146143071e+00,-6.619176503876488260e-01,-2.467416809471845995e-01,-6.750669160480851083e-01,-9.661187176585148695e-01,1.106872377494647841e+00,-9.231334000853385069e-01,1.258334665722073309e+00,1.260551947405513129e+00,4.505134622413825007e-01,2.535766155134028477e+00,7.847912614528237407e-01,2.811671864634441784e-02,9.804228760519170249e-01,1.236703714124635534e+00,-1.257974975883009439e+00,7.051882395395459024e-02,1.434017535860834025e+00,3.996513107600636050e-01,3.387309952896176979e-01,4.532181999231016389e-01,5.081649886081101020e-01,-4.293179499868521876e-01,-2.579084201594227799e-01,-1.314500613517498140e+00,3.918785144267819653e+00,2.483407481308691711e+00,1.895521761766603364e+00,2.556970107929048552e-01,-1.142777831580793491e+00,-1.089386202856945429e+00,1.618812013842601871e+00,-1.323673866097260232e+00,3.205194078619804099e+00,1.504801543094483218e+00,5.408516396527352638e-02,-1.925651432472551106e+00,2.964538476874329920e-01,-2.055570140602233309e+00,1.111144783148805548e-01,-2.554971545599470373e-01,1.451488366384529716e+00,-2.052218686673638715e+00,3.122567565767168318e+00,2.677575560543679067e-01,-2.401378770728608003e-01,2.752590018286534157e+00,-1.337777553952512521e+00,-2.945783922711047609e+00,-5.168029830235242317e-01,1.409532074249681965e+00,-3.240910207379016583e+00,-6.806453631310602770e-01,2.272950155263818939e+00,3.107099735858358969e+00,-7.903541319120640507e-01,-7.541356211205457738e-01,1.451475125428536295e+00,1.945869282393862254e-01,5.100244464252088328e-01,9.328248989196593621e-01,2.143027730995739955e+00,-8.780521473422768786e-01,-6.512023469817816990e-01,-7.325288923415771425e-01,1.080611630270378765e+00,9.420229336490291150e-01,-2.035508804290193652e+00,-2.245984792760508775e+00,7.587805533490467047e-01,-3.721677870923787435e-01,-2.453925600392262485e+00,-8.790893412233247162e-01,5.459125228892636184e-01,6.676640715568742390e-01,3.204478634019727323e+00,-8.804776206256443860e-01,-1.890233577042904400e+00,-1.757076406886000308e+00,1.659816703875450550e+00,-1.046100965480345618e-01,6.377033719245764898e-01,2.116163228487261683e-01,-1.550848941359303512e-01,2.974952080273029598e+00,7.521889437187966043e-02,-2.339617908683521819e+00,-8.446109307514344522e-01,8.838732738119541299e-01,-1.924480779300960620e+00,-1.481127938099986996e-01,-9.048917341119764313e-01,1.220550760526091905e+00,-1.956979022172576910e-01,-2.448314104031029892e+00,-4.719414248787097699e-01,-9.878549706828059218e-01,1.697199025944625683e+00,-3.882125405250196892e-01,1.079600929688398381e+00,1.774471640065819145e+00,-1.935811905222689644e+00,9.889555144634041284e-01,-2.621557084540491189e-01,1.850360325813245943e+00,-2.388431726254184095e+00,-5.956172623642985720e-01,3.704789393613779680e+00,-6.282234363111649511e-01,1.186503360341207403e+00,1.360522735632493596e+00,-7.268259752517473027e-01,1.523723494418587343e+00,-1.000838715409220869e+00,-8.684430365331410329e-01,1.491072917297257827e-01,2.911398502876834105e+00,3.720435018507491920e-01,1.873043701247254278e+00,5.898243352496315151e-01,3.375862857819365015e-01,4.130094337145355232e-01,-3.645594162019099027e-01,1.774227867358253441e+00,-6.645732101205035214e-01,2.662752592698355292e-01,2.042575423671218804e+00,1.198329118587798392e-01,-1.983542099113415835e+00,-2.107443628120276635e+00,-8.447241062652411925e-01,-1.351478676266143930e+00,1.346983484475350101e+00,1.314493794306880181e+00,7.433298408743562735e-01,1.545544578458763363e+00,-1.835480985529699627e+00,5.571761078763357133e+00,2.808279125420382716e+00,2.004401285393815897e+02
5.571558159626648354e-01,1.954154343642173497e-01,1.984654649822982508e-01,-2.124049730809734360e+00,7.861716151630098182e-01,-2.109579832448159886e-01,-1.753078130566348092e+00,-8.087879412162257697e-02,6.976295552251993159e-01,-2.232210450044605388e+00,-2.141591286279097839e-01,1.740224516344859751e+00,2.051059534716757504e+00,3.588234149992661215e-02,2.002917517114100932e+00,-1.700909692019318298e+00,-1.274383275667261284e+00,1.417193584168262577e+00,-5.656972565645927986e-01,-2.122462667355648591e+00,2.898231804156365943e+00,1.007912355385662151e+00,5.169273326807199975e-01,-1.972893795477548062e+00,4.144508661041321762e-01,4.412032917092365558e-01,2.177184958571344087e+00,-7.045028675041808963e-01,1.938049447730693320e+00,-2.096549564780303854e+00,-1.591982698182075939e+00,5.563171089519048929e-01,-1.984879897178779995e+00,3.457075803828152383e-01,1.711073088764259120e+00,8.917107996442992235e-01,4.093243512038034493e-01,-1.016370407358360817e+00,-6.461085906150018099e-01,8.778509127643957521e-01,-1.672796927794014898e+00,1.977191727461517834e+00,8.302709619808488206e-01,-2.195255452361191573e+00,1.117809330582856475e+00,4.354309125680988046e+00,1.015859625048815662e+00,1.393908588074458610e+00,-1.706337782800214642e+00,-1.200337420148243517e+00,1.559665691329675807e+00,1.796429696345087645e+00,-7.140870271629788935e-01,-3.390970152828580275e+00,-2.663842706148431994e+00,3.939109406200224317e+00,1.058196600355632011e+00,-4.843699736009179913e-01,-4.001102462477040822e-01,-4.433351887530891933e-01,4.207020236264287227e-01,-9.262126311758368535e-01,1.043970866013510745e+00,-7.273948574429820457e-01,1.553209794265116184e+00,1.010387177939149117e+00,-6.317208578070668823e-01,2.458663032588363606e+00,2.406279509814231998e-01,2.967022696857676278e-01,-3.272613840605018143e-01,2.727944040652574564e-01,-1.426439866620513586e+00,9.465011006165596763e-01,1.637338339155204769e+00,3.352731787979703615e-01,1.435405881518228455e+00,5.029335430301956622e-02,3.952169325920458220e-01,-1.124095602078481138e+00,2.170041734251201837e-02,-1.333874514450515303e+00,3.365067842656131347e+00,1.735379749860893384e+00,1.359643355179302349e+00,-1.338988875660936051e+00,-2.713002227529883736e+00,-9.418852261397009373e-01,7.034412936644914849e-01,-1.226927217691999195e+00,3.183597794025868399e+00,1.574709002801464752e+00,1.614393954131016495e-01,-1.901529521081723573e+00,3.666769277673280203e-01,-1.558741220369090907e+00,-1.916981085365160320e+00,-1.256781878650522710e+00,6.931300335077070773e-01,-2.765990875470962784e+00,3.227745081238176272e+00,-1.217440520625058253e-01,8.543908496191794377e-01,2.652251824886135090e+00,-1.386777085860024128e+00,-2.865055983053718780e+00,-4.321544657431098946e-01,-4.213761989311948231e-01,-1.850119818785115999e+00,-8.748997691903758200e-01,1.789768401704245893e+00,2.098696914285250958e+00,-1.117858217359062767e+00,-6.917103354581551067e-02,-4.303330333168275956e-02,5.974641217388116932e-01,1.336719291600036996e+00,8.459501424019162386e-01,-9.156229331820981976e-01,-9.488681487300142381e-01,1.097760609150551653e-01,-1.327705395000210231e+00,1.048397586593871722e+00,1.322975767037774641e+00,-3.600463378841210371e+00,8.640158133817268382e-01,2.021075636035841505e+00,-4.040454896788249761e-01,-2.679387975682094414e+00,-1.012925682827025886e+00,-1.061362433505598224e-01,7.338955657494837803e-01,2.307233139369968100e+00,-6.068995643975650944e-01,1.562989339863040561e+00,-1.551115985133692421e+00,1.169092860947331669e+00,7.229014461335134256e-02,8.448973357110934890e-01,2.372378014799113033e-01,-1.445030291241307940e-01,2.659847023523525422e+00,-2.540552538457102605e-01,-2.424017849764807941e+00,-1.122412833593702475e+00,-1.732743684852384947e+00,-9.383078768329069508e-01,6.161123430564714454e-01,-8.858625722742941022e-01,1.074262212984773646e+00,-3.008340765379984294e-01,-2.538958466250719415e+00,-5.341829615981736890e-01,-8.717336851483203919e-01,3.467664741068897882e+00,-8.031207995243104802e-01,1.085269765599066849e+00,1.756383883510170829e+00,-2.948910096012277826e+00,7.921044586568608548e-01,-3.824690895521949963e-01,2.008008846473940068e+00,-2.214890268430025344e+00,3.730226509666039192e-01,2.230592617334265615e+00,-3.961144889851355710e-01,1.163941485623640082e+00,1.449654688046499995e+00,2.902934738068158049e-03,1.370908172348463294e+00,2.162433055119120096e-01,-1.028269575232279465e+00,2.561907732793886061e-01,2.634772173109990234e+00,-4.587908894193043485e-01,2.235501720699243577e+00,7.794870804666882425e-01,2.880824370344200469e-01,2.501604636640736290e-01,4.978234134529286870e-01,1.379282873847200719e+00,-2.796488932449598397e-01,3.080300941248468871e-01,1.145859979333536449e+00,2.645293352009087107e-01,-6.142612945087967402e-01,-2.680840552162578661e+00,-8.621195698609849245e-01,-1.857001415494512919e+00,-7.567862223436907509e-01,-1.055560266611399012e+00,1.386173216387575957e+00,1.297084250346469680e+00,-2.387746995520094284e+00,5.682282795675567932e+00,2.712621782643225288e+00,2.005050483400156338e+02
7.755206363642284106e-01,4.362972434758746187e-01,2.695435226968347919e-01,-2.581246220495579724e+00,8.396944481118071568e-01,-4.272867329381947465e-01,-1.861429011420699053e+00,8.688169154095255475e-01,4.000511968463733581e-01,-5.697942583199788746e-01,-1.374424248196594034e-01,2.084168404061453650e+00,3.249369965659710591e+00,-5.641499887066179358e-02,2.618932311191884299e+00,-2.842186114778665895e-01,-1.202522138739388069e+00,8.705042058906503621e-01,-8.428383935901342383e-01,-2.090872159723921708e+00,2.706490598355009602e+00,9.222509330012716999e-01,2.096406774858530220e-01,-1.897776267879917933e+00,-1.306973907415598157e+00,6.134153816071690191e-01,2.450282190161812146e+00,9.833575228582476235e-01,1.570728649545618305e+00,-2.295499323803893432e+00,-2.608319431011270950e+00,1.296976362708323949e+00,-1.098144114317323838e+00,3.358738331492996942e-01,4.911860610612634459e-01,1.452520793811933997e+00,-8.965837672512691481e-02,-7.039546279350636926e-01,-5.880765260881128942e-01,6.727746087664056018e-01,-1.349488933234620935e+00,1.729817029470010370e+00,1.174268198231135374e+00,-1.917311409579436354e+00,9.962809818705127274e-01,3.410179541883918475e+00,1.130883108035924289e+00,7.502225870210307290e-01,-1.300342543213361735e+00,-2.445348932843266709e+00,-7.059359713252796875e-02,1.807300901565144668e+00,-4.991035242662972826e-01,-3.021455334689186145e+00,-3.397567309695818771e+00,4.889061662178344925e+00,8.327389228006792932e-02,-1.999434295960904606e+00,-9.197959431942019648e-02,1.230064907955926934e+00,1.696591117919761804e-01,-5.965541709700652451e-01,1.749542302904283364e-01,2.255646189291942161e-01,2.629844775799812240e+00,9.972803079720430341e-01,5.911373220474861467e-01,2.417019984705887303e+00,-4.301856345465060460e-01,1.542896603455053750e+00,-2.321116823168008825e+00,1.393272785158553573e+00,-1.506825589181221448e+00,8.892063604192896875e-01,1.250528325754496073e-01,3.757864456238067530e-01,2.858600385219680184e+00,-1.713120216645006577e-01,-6.495848769122382349e-02,-8.571089883489063643e-01,3.248773063628994651e-01,-1.128921195506051856e+00,4.527778171635328697e+00,2.160628287175794693e+00,3.201776423956034900e+00,-6.718821219192101513e-01,-2.946081151793500830e+00,-1.587452192413087992e-01,1.123567301176209732e+00,-9.840691979936413425e-01,2.673488048999134392e+00,1.851088420874312135e+00,4.975855610781558247e-01,-2.323496576945181857e+00,-1.402626213030415681e+00,-4.665508756633609977e+00,-1.279100567346484585e+00,-7.138118134818179916e-01,-2.836760766735258454e-01,-1.774534281038565364e+00,3.797882820867739539e-01,2.019928288368556257e-01,-1.120440030568708029e-01,2.433956627101898640e+00,-1.116262735503386505e+00,-1.391546403171134649e+00,-1.685619092563560018e-01,1.613819573672981011e-01,-2.179758290323169145e+00,3.295682945579824219e-01,1.517965882835165425e+00,3.942937560768812411e+00,-1.622995649272034324e+00,-1.244803290306747190e+00,1.106131503462287391e+00,4.487602920825207176e-01,3.510040279610112668e-01,1.120451368252940894e+00,2.296112813745027292e+00,-8.296748756975578232e-01,2.470220114586145765e+00,-1.740924818528794216e+00,3.999245893548924347e+00,7.588872722289474737e-01,-2.233433589379118622e+00,-1.654169767926452428e+00,2.304659718005520053e-01,3.005282435320973389e-01,-4.514043302986697093e+00,-3.189616722930482817e-01,-1.028639202830611055e+00,4.905733358294085411e-01,1.633998929470347417e+00,4.402975172386215941e-01,-4.981601153101278823e-01,-1.515465723429737288e+00,1.223318871766298610e+00,1.602914164134501551e-01,-8.657922953200306582e-01,-5.053885355273921576e-01,-3.252358151174641887e-01,2.099117026077778725e+00,4.674153797430677937e-01,-3.165675928740279588e+00,-1.129885545878041464e+00,-1.316041457878800891e+00,-1.663482392956446398e+00,6.937123191091494334e-01,-6.521655665271371971e-01,9.145969620556329005e-01,-2.547528895420531070e-02,-2.343185576245335522e+00,-4.518116354451052752e-01,-9.668492213672763569e-01,7.373441003998717491e-01,-1.002275697956417133e+00,8.981892203821457699e-01,2.123179328211510786e+00,-1.462478009106925825e+00,3.125448695524498444e+00,-9.110723009804065631e-02,6.595618991572074208e-01,-2.784585303584035554e+00,-2.882753229662278205e-01,2.926309283762929869e+00,-4.204243397928034143e-01,5.350052649871253063e-01,1.341096190930448850e+00,-1.386831644486098969e-01,1.454398839676842581e-01,-4.881126855711730439e-01,-1.207874241164502704e+00,6.273902969327743717e-01,2.905327146158144469e+00,6.852540105387189273e-01,2.126201324377934299e+00,8.949064737061160901e-01,-2.235026699230715369e-02,5.286855939684498296e-01,5.577070896841134218e-01,1.250466493570125737e+00,5.173464521845376751e-01,3.202943250565087885e-01,8.962494694778173621e-01,-5.846369373799700231e-01,-9.470546662528910309e-01,-2.520923028555394740e+00,-3.263511815979288078e-01,-6.230602905577965478e-01,1.365569775740868241e+00,-3.980442124124028425e-01,1.226474754722418181e+00,8.147186373060809617e-01,-1.210802531396163007e+00,5.574583034910470580e+00,2.265443449046482982e+00,2.007422465356814882e+02
7.860321224363556736e-01,3.858526464416688340e-01,6.313270387830620667e-01,-2.537734056402704663e+00,1.113295517484429675e+00,-4.803462407761757147e-01,-1.196789841186207015e+00,1.042424358314690158e+00,1.260876702862262277e+00,-1.949410210516411501e+00,-3.155943827524528844e-01,1.144318597896927470e+00,2.341741180276039724e+00,-2.040235007793780864e-01,2.225198743561550563e-01,-1.307318499190025074e+00,6.343809687361010585e-01,8.825930948681757204e-01,-8.403260588775693929e-01,-1.686165598249564246e+00,2.309384284557750799e+00,1.524287690969335696e+00,1.382006834175418530e-02,-1.615962837665559704e+00,1.627605872102430684e+00,1.120887187514802097e+00,7.905876246673139429e-02,-5.201862038834241808e-01,1.531200656476362720e+00,-1.746916962453814115e+00,-2.370047292026856045e+00,1.361466012943064463e+00,-1.189542238777440364e+00,7.232404727522070420e-01,5.745408205161894877e-01,2.317808575448002895e+00,9.936535536162293125e-01,-1.002121439447620332e+00,-5.536832907390930592e-01,8.556202852167651418e-01,-1.214745222761405730e+00,1.255744434083820638e+00,8.178524891549707743e-01,-2.337760572481599741e+00,1.175394101650483414e+00,4.669175280633739433e+00,1.807694122697112160e+00,7.349977954742259456e-01,-1.678965372804792633e+00,-2.377416375177880958e+00,1.151625045356062360e+00,1.704360697044865036e+00,-4.921875840368736266e-01,-2.934706726517893660e+00,-2.920256418488303751e+00,3.498312656426405987e+00,-1.260781940701218184e+00,-2.189830650888942465e+00,-2.549784777943557845e-01,4.532945648303321473e-01,1.105585740560608987e-01,-1.126736963870739183e+00,-1.545474343764721703e-01,3.000159687469340364e-01,2.008804491122831326e+00,1.039460153681562637e+00,6.705754890671518087e-01,1.462288682710331633e+00,-1.693800243380030324e-01,1.637133886543607142e+00,9.786771970445364843e-01,2.542629303722286904e-01,-1.506360678901402572e+00,5.586170682225179984e-01,7.312932021415363693e-01,3.058842369844685383e-01,2.888510948193018901e+00,1.831335866866214412e-01,9.864314011856489817e-02,-7.402341818113126193e-01,2.940808836247073010e-01,-1.155819507333944118e+00,3.507561842046511114e+00,2.417927485266322396e+00,2.542254980070383308e+00,-1.224200951212203625e+00,-2.876515172684577681e+00,-4.352243211169178894e-01,1.131848361601672348e+00,-1.391154241299479954e+00,2.757777736021298498e+00,1.783811658092446129e+00,1.689574555176693305e-01,-2.294092648315751770e+00,1.270323422555308834e+00,-4.687786085449637596e+00,-1.910188824587012446e+00,-8.171471257941137489e-01,-3.570742895805353312e-01,-2.314043794623273698e+00,4.652716623700016707e-01,-6.539990581038016004e-02,4.239397860361822090e-01,2.378376933677039951e+00,-1.441427449490250812e+00,-1.443000962467114512e+00,7.166142646468813548e-02,1.848915566605635830e+00,-2.292830838617966549e+00,2.707961736531047103e-01,1.501461765309222374e+00,3.736134676102096375e+00,-1.281266628228689086e+00,-1.131291592896842335e+00,1.345454038205260217e+00,1.478909787766276018e+00,5.153465123066292009e-01,1.009671421828393756e+00,-6.229104993936189771e-01,-6.482063131682626045e-01,-5.420907960928788016e-01,-1.659726577195607566e+00,3.874645406671824333e+00,9.584242047980782164e-01,-1.658880753999073976e+00,-1.734696926453938914e+00,9.626621749197116218e-01,8.339513334765381869e-02,-3.749078066786806218e+00,5.056729943464127741e-01,7.085086389691281905e-01,1.406448422018585775e+00,1.654947324904795014e+00,2.168024973708059244e-01,-4.822567291117940691e-01,-1.083749260402700365e+00,1.074726526833230222e+00,1.698440743240169637e-01,2.593650275954942908e-01,-4.407609200720959408e-01,-8.631428592877326000e-01,2.665300813327719176e+00,3.034428914084680851e-01,-1.751099848592165609e+00,9.343572455418791556e-01,-1.810988899978942079e+00,-1.550130901958275631e+00,5.346401881450875138e-01,-6.975058649126604227e-01,9.724963679671754235e-01,-9.971795377580250364e-02,-2.465078054834891397e+00,2.192139380404483917e-01,-7.039799987345897181e-01,1.471571775163240225e+00,-2.399874358068586622e-01,7.185746408382529538e-01,1.639587274809035877e+00,-1.579710735005886546e+00,3.212998337858931741e+00,-1.345084385287726447e-01,7.377925767091811915e-01,-2.705066258920338917e+00,-2.821214888527482922e-01,2.058606268125169780e+00,-5.304434804142629245e-01,5.526425926661058252e-01,1.387665829250711580e+00,7.711059167399293424e-01,1.826850984908737208e-01,1.391607025386472740e+00,-6.484432190502245064e-01,-2.652592694293496867e-01,2.885168260523969685e+00,-3.431333882225889309e-01,1.995011084250025934e+00,4.011715980903264311e-01,9.504789238622399217e-02,1.308071721135569021e+00,4.474283569308134534e-01,2.152066606122258197e+00,-7.185977986187489508e-01,-4.639117076637690462e-01,7.152362359160189254e-01,9.785971404084777003e-03,-1.134800216060002143e+00,-2.423483019358296353e+00,7.089212723177874542e-01,-1.410346744714693568e+00,1.139867748869917818e+00,1.118119388813212378e-01,6.521026647064475101e-01,1.050194868747365673e+00,-1.185076612844107036e+00,4.818643845968754391e+00,2.008454371782390613e+00,2.012897035289340408e+02
8.649591054989732575e-01,3.762335194935748639e-01,6.138450192460827293e-02,-2.723626903771396268e+00,9.767245543393001661e-01,-9.234187762386703024e-01,-1.782529693279587546e+00,1.341876126862824037e-01,1.315520739028187558e+00,-1.940366872249344565e+00,-1.134013531875990521e+00,2.247287835245949328e+00,1.899162251389012290e+00,-6.883690097383665663e-01,-7.464117906005492131e-02,-5.647141827869046615e-01,2.666340595729778107e-01,9.407059838238488458e-01,-1.110824047728658615e+00,-2.086322656612927262e-01,2.108824042233450324e+00,-4.277958742195046848e-03,1.320382497018528944e+00,-4.226012406221257844e-01,-1.593610257587477763e+00,1.183011233054851008e+00,2.701380660316536453e+00,-2.274012410005316065e-02,1.311566884083170459e+00,-2.601079369781011508e+00,-1.330112766723279716e+00,-4.352882933438649848e-01,-1.174842185864753086e+00,6.275019790336217040e-02,4.853573409690702944e-01,1.368102816299414437e+00,6.926515810643305571e-01,-1.114690367181961905e+00,-4.340773656201520891e-01,1.471309724616344905e+00,-2.206085318150134700e-01,1.155400619214339564e+00,1.806210506446417785e+00,-1.930571115047318820e+00,1.173645763866141722e+00,4.720185224283216741e+00,1.966832640583078551e-01,1.272531727490394671e+00,-1.060655825572299316e+00,-2.340545198991629938e+00,-7.163756442765636390e-01,2.253349270933481030e+00,-6.680048200159987015e-01,-3.671351020073721827e+00,-2.577851061123908938e+00,4.594132679956199006e+00,1.218308073094735988e+00,-5.108094327052241646e-01,-5.921737553880799254e-01,-5.377483385451716780e-01,-3.016436756542228426e-01,-1.252436087042201773e+00,3.817990252355624170e-01,5.986401795495486233e-01,1.512005104245671250e+00,1.196899587129240272e+00,9.382366839321858443e-01,2.339470705075095136e+00,8.041535573338220999e-01,1.470610037397388492e+00,6.970542021262310373e-01,1.248996651858203855e+00,-9.700865663471658351e-01,1.851433295905269838e-01,7.532767798114999858e-01,1.352641794564501954e-01,8.368554664307770175e-01,5.175953954890204489e-01,3.941325048857031721e-01,-1.151381659729554752e+00,-4.039925862568857218e-01,-5.431098947279079381e-01,3.935934603427768241e+00,1.929634930144859650e+00,2.641199420727573521e+00,-1.491826247883319967e+00,-3.172091325091603853e+00,-8.425318199375945172e-01,1.320062099369453845e+00,-1.566172479049670052e+00,1.044574354773816882e+00,2.006302403769357756e+00,3.945217862512514495e-01,-2.144183052141626078e+00,-1.382392086509665718e+00,-2.092159701662579252e+00,2.177309477542360150e-01,-3.654335166648692290e-01,3.775071681550680736e-01,-2.083210451807147034e+00,3.051125036710161109e-01,5.438720060528025035e-01,2.341848179343413716e-01,2.829448895216252868e+00,-1.181893262902878661e+00,-2.575590076401678363e+00,-4.552810166414795745e-01,-3.736688101471525858e-01,-2.479775119042734399e+00,-1.584288382566142017e+00,2.096035968186165555e+00,3.000820516820111195e+00,-1.224750801016540880e+00,-1.820302356561377954e-01,4.916265816599115213e-01,7.263949015428794453e-02,6.203484866961272992e-01,-1.771908759961317303e-01,2.047805881968304043e+00,-9.347885292796183077e-01,2.208855810294227062e+00,-1.139862839841523590e+00,1.716849932402161549e+00,1.151730600236696489e+00,-1.921307415153766129e+00,-2.208031158696247331e+00,1.324522640363217513e-02,-5.219268713549183314e-01,-3.234951448761622661e+00,-7.344393356804760353e-01,-5.662128939567915298e-01,1.175590392755433644e+00,3.412859881370768456e+00,6.114554715549881392e-01,1.029447785535708260e+00,4.845131660121281825e-01,7.955847791773720257e-01,4.638182953517182294e-02,8.383504868920776953e-02,3.821510555789617292e-01,5.771750300419591778e-02,2.511966000681820077e+00,9.238981883189767430e-02,-2.037423548557216080e+00,-9.252553071367811688e-01,1.046253548919194865e+00,-1.334855169906311367e+00,4.689829220809349497e-01,-2.223729219052848372e+00,1.144505057051897756e+00,-4.999577621885537004e-02,-1.565055656558998809e+00,-7.096356214650427763e-01,-5.813446284568168920e-01,1.384056051849519742e+00,-1.546967866288234683e-01,7.746527533432165935e-01,1.148824418657931723e+00,-1.707433474345073421e+00,3.483737949903627840e+00,-5.922609375500079709e-01,9.562504761768273465e-01,-2.316556521497658228e+00,-1.213927910985022063e-01,2.595915849534229380e+00,-1.034829295882274680e+00,1.075158940467303204e+00,1.842988409711733722e+00,-4.815047046721919743e-01,1.789376733270247932e+00,6.635347285953645535e-01,-8.769289785295772965e-01,-6.376736457563396687e-01,2.427935998356074432e+00,-1.811156939665545251e-01,1.934421636507628106e+00,2.633935767631870317e-01,4.294273439070888654e-01,1.122981974103056446e+00,3.079325117492898389e+00,1.867815622650406127e+00,-6.142525927732709334e-01,2.334038056584100129e-01,1.774996552881000556e+00,3.116334395046743144e-01,-2.010821346565959455e+00,-2.744302477440404786e+00,-2.115390454545015286e-01,-1.636819713473053328e+00,1.965271280165798329e+00,-8.631675653175832075e-01,9.679738761671552449e-01,8.929013745262268653e-01,-9.353055036434965164e-01,4.659325670676958353e+00,2.442339963287132321e+00,2.995052746592956510e+02
3.908131051621079877e-01,8.213198327192376968e-01,7.434073669992522504e-01,-2.491340684673037043e+00,9.225103738855688906e-01,2.408634917967162337e-01,-1.672609146113111844e+00,-2.604079740889603256e-01,1.030636584688088275e+00,-7.117494763759008025e-01,4.589066361701493180e-01,1.790812587384780219e+00,2.402710669620137462e+00,-4.168979064558447911e-01,2.152534709678659564e+00,-7.984232686438845761e-01,-1.070371424865364851e+00,1.101517650240639634e+00,-9.063997010968165569e-01,-1.914347593159886785e+00,2.672623803036737744e+00,4.236610451721730675e-01,1.555406250756394826e-01,-1.814810584128091042e+00,-1.345544615303095659e+00,1.154422776503425840e+00,1.798258694785503264e+00,-9.184592674643947685e-01,1.152243274944592111e+00,-1.617441610344068748e+00,-1.452631924031478006e+00,3.235526748790983342e-01,-1.926788862852164996e+00,9.442012696865109689e-02,3.975636471611008749e-01,1.545805282083914545e+00,1.645793750427911872e-01,-1.617917789079316604e+00,-7.780893274010736160e-01,1.188144757141842645e+00,-2.224116438384004191e+00,1.161226120664155648e+00,-1.394777987520852414e-01,-1.563946569285451949e+00,1.501812085874032032e+00,4.102421766967010441e+00,6.158535957932387284e-01,3.250936500488192937e-01,-1.217332947709671043e+00,-1.697301409036349629e+00,1.756085395043412989e+00,2.370804632088807207e+00,-5.645964724094910681e-01,-3.050672966740083591e+00,-3.512567439675706726e+00,4.835237378976218636e+00,9.459841366113517225e-01,-1.627286873881704121e+00,-5.128417769220459110e-01,1.281542533020540109e+00,-1.936041763866403614e-02,-1.147495391288094968e+00,9.761096899930732373e-02,2.000709992929455561e-01,2.799252257858611870e+00,8.756721389624236851e-01,-9.963751169042477374e-01,2.135667358156683626e+00,-7.926805814381936433e-01,9.389769429921184241e-01,-8.171336343486404474e-02,1.435122117482162230e+00,-4.298399392862270463e-01,7.257886440203117351e-01,1.374495066437390334e-01,3.502291050029182617e-01,3.260977428219610785e-01,9.555551667439501351e-01,1.047594723849159248e-01,-1.054602975686933730e+00,3.361839004582782842e-01,-1.043738634211675231e+00,4.152371599722204820e+00,6.969255515672988510e-01,3.263103243541867649e+00,-1.414239149882308810e+00,-2.659087801749631108e+00,-5.868416435680807730e-01,8.427342002360986850e-01,-1.022493195292107915e+00,3.852551256866828533e-01,1.763427182755455513e+00,5.229989357835911346e-01,-2.016969470309736501e+00,9.379080282193784646e-01,-4.197445828407936119e+00,-8.020510443058059824e-01,-7.391377307571269650e-01,-3.804702367130185364e-02,-1.596198645222868473e+00,3.751051071141370041e+00,1.944326760702023149e+00,3.830467810177342614e-01,2.469077060393787715e+00,-1.109934484720609182e+00,-2.722223339631336003e+00,-2.949664099412943608e-02,1.936553744777888553e-02,-1.231074388442397138e+00,-1.567247199414165681e+00,1.209779399111623466e+00,2.930328524617493269e+00,-9.207425794478302228e-01,1.598039265641854056e-01,7.769863566647270403e-01,1.028880370793032295e+00,9.774984753228128653e-01,-2.225853304855254677e+00,1.369335866140743097e+00,-9.547909767912036161e-01,2.216038230849715962e+00,-1.375303109159067505e+00,1.513285278921737476e+00,1.349778707094269503e+00,-3.599877104831174179e+00,-2.145254280784162582e+00,-2.702466515592272800e-01,5.676110489736918563e-02,-3.089977575031076285e+00,2.761168427016102989e-01,-6.084724729041627311e-01,5.455642623610730269e-01,3.097589170204049669e+00,8.272688956328415610e-01,-1.563599531091976802e+00,-1.369173972509705184e+00,1.333336086248004815e+00,-5.879026005018423984e-01,5.325536261391977666e-01,-5.585433334480993661e-02,-3.323194036955449127e-01,2.195451815811012786e+00,4.600553164132016315e-01,-3.080490963967736473e+00,-8.255075420420127097e-01,-1.468353036650363430e+00,-2.121556781196349828e+00,3.499193329657372953e-01,-6.503716067331446471e-01,8.534858709456867309e-01,1.339256139968434678e-01,-1.873836278516610498e+00,1.899833102901018755e-01,-1.162535397248816160e+00,1.742482737965602047e+00,-1.424433167189718685e-01,1.544893214093890910e+00,7.210711006434147308e-01,-1.605474974910568786e+00,3.382659464923814863e+00,2.511780877938105117e-01,1.006929808357476475e+00,-2.916747700089183937e+00,-2.935374006605618105e-02,2.598505106997197167e+00,5.307806414519368188e-01,6.514038964532485876e-01,4.737639332226382671e-01,1.137690277171089726e+00,2.745824075945648701e-01,-7.761153947443353296e-01,-1.083637666501852337e+00,4.326671172749680938e-01,2.770587558355762425e+00,-2.907840948436458683e-01,1.655590701637628781e+00,7.564220420542275836e-01,5.727264710338982878e-01,3.882237073899373336e-01,3.132742700014128800e+00,1.571099402030366354e+00,2.887828917371933479e-01,5.890219547792835408e-02,5.944745213635851400e-01,-4.437334772326871624e-02,-1.183421972564352664e+00,-2.808892034644781432e+00,1.008460223943290074e-01,-6.128739150326892871e-01,7.648136299909737978e-01,8.536242488770312553e-02,6.209202472922030758e-01,5.798143151332654233e-01,-1.491328342918110783e+00,4.964242139499973838e+00,3.208013623481560384e+00,2.996361323939333374e+02
7.620341806316544009e-03,5.719343942552027604e-01,2.214404158899061503e-01,-2.855888029570660791e+00,8.885801594366506961e-01,-1.024953914356699691e+00,-8.915498690489428446e-01,-6.723535698513701808e-01,9.406824412017954495e-01,-1.770111669742899130e+00,-2.121440351843807415e-01,1.266840680615571868e+00,2.765985588289165076e+00,-2.755565784400943463e-01,1.638419141807248014e-01,5.457824650336112748e-01,-1.033313785644218274e+00,1.283377619603470077e+00,-9.721609459269379139e-01,-1.732361528430800712e+00,2.532826454377358427e+00,8.487799668773676753e-01,9.801206538324078732e-01,-1.797915611990484663e+00,1.473401220951931823e+00,1.029878606711309263e+00,2.593943054520001734e+00,-3.261844420634480435e-01,2.023106173596775470e+00,-2.439067020843935563e+00,-1.747675147668611872e+00,1.568236167379460255e+00,-1.874146734413074444e+00,1.956038375262437512e+00,9.964009542856007151e-01,1.029763251947546809e+00,-5.737348935155605067e-01,-1.221167908829533744e+00,-3.661685936511705486e-01,2.640749566737149445e-01,-2.204791571373740489e+00,1.750018491770626516e+00,1.699812005149451410e+00,-1.772881206394640641e+00,1.150939106765503928e+00,4.433349006380800539e+00,8.468377484044229409e-01,1.063166141560630606e+00,-1.359295929216400856e+00,-2.075155850967532523e+00,1.146664261665524709e+00,2.109953582569057851e+00,-7.448163666963550367e-02,-3.205583526107966819e+00,-3.023788033582259782e+00,3.414027309087105166e+00,-4.734812398311002424e-01,-1.894421873517442512e+00,-7.873214334358724642e-01,1.243580049063393922e+00,2.439370818704164334e-01,-6.016613654895620611e-01,1.647851827811529946e+00,-1.632980695452098452e+00,2.119919309273943231e+00,1.081452168846797735e+00,-4.283129401389467183e-01,2.812847982719742124e+00,-8.336387418229386226e-01,6.892594825777820233e-01,1.113228370312986160e+00,2.038670039024430114e+00,-8.807751992037958777e-01,7.257234759389815659e-01,-1.979839340269535369e-02,2.567797259193426829e+00,-3.830664196322774995e-01,1.010847320804632243e+00,2.140786929387036019e-01,-6.673125758046014600e-01,8.491147722137976084e-01,-9.286340874996391603e-01,4.217784857495162854e+00,2.418936877504581417e+00,3.278312278569810001e+00,-1.903457070836396703e+00,-2.823280206908862056e+00,-7.888252473078306848e-02,6.146733713193559545e-01,-1.408191168598590837e+00,3.588245008199871577e+00,1.478043117534090900e+00,8.962473540425175411e-01,-2.223950642256831145e+00,8.931633693086475922e-01,-4.256698003683911935e+00,-2.144726757443728982e+00,-2.849714027774564729e-01,-4.637200048671484831e-01,-2.558649253442879079e+00,1.270527171370420261e+00,1.710765162375238901e+00,3.677962822050714342e-01,2.642422362419539539e+00,-1.575555827202999248e+00,-2.447707611528355365e+00,1.363051782841234294e+00,-2.128685738650303860e-01,-3.159265339458038113e+00,-7.691452737972616083e-01,1.413628763575073943e+00,2.565987421379376965e+00,-6.978281298346229455e-01,-1.324621681507800686e+00,6.698046461120127359e-01,4.061407396979492823e-01,1.206658451315851366e+00,6.339186422424851752e-01,-9.363296561563735354e-01,-1.872372184359346048e-01,-5.539332438235952116e-01,-1.824115868777436811e+00,4.009262420364470003e+00,1.019418841591974711e+00,-1.718660655526044634e+00,-2.215211124610950932e+00,1.409095134528266735e+00,1.522752767830432841e-01,-3.342274203426056189e+00,-4.254387831359573990e-01,1.869496046312435766e-01,2.692327186387794002e-01,1.986298020484984050e+00,-1.507281945628460851e-01,3.527219355532423828e-01,-2.024127325361403607e+00,1.588042598053295062e+00,-2.836235438409244747e-01,-7.190582058126063769e-01,2.118158909404254386e-01,2.794960543565616073e-01,2.929195198068291095e+00,-3.454313651717775824e-01,-3.276828137182175471e+00,-8.752707117280621452e-01,-1.154667606958823534e+00,-1.756392712928378730e+00,8.165023199166647760e-01,-3.325017355235455052e-01,5.610528211103248397e-01,-3.039505720527171384e-01,-1.368094458761031973e+00,-1.755407889177870717e-03,-1.616651579557979224e+00,1.076050919348585655e+00,-4.449985317917570793e-01,6.609987565373666163e-01,1.566698645425223413e+00,-2.305941613777124921e+00,3.381510154142326474e+00,-1.107346784515792049e+00,1.836592400684697202e+00,-2.454885077699052509e+00,-2.196014595444470974e-01,1.962785257537750905e+00,3.602839105681163723e-01,7.970644134219804222e-01,1.624936328469697377e+00,4.340459567641034577e-01,1.736712995628750367e+00,-2.142530217990804564e-01,-8.920846545602602040e-01,2.100810171342218646e-01,2.408768271128650884e+00,-2.953993193508589465e-01,2.362842586540224055e+00,-7.604079733803414953e-02,8.212552584404998468e-01,1.325136396432877284e+00,3.049259036998371641e+00,1.899861473047317784e+00,-9.448762008357700637e-01,1.708949993053510974e-01,6.048519605549622646e-01,2.777882394023568624e-01,-9.580346084680185781e-01,-2.150813840613320593e+00,-1.252885065572407752e+00,-8.564305405157978113e-01,1.309353783609297217e+00,-7.217100354817191921e-01,7.673116352128046547e-01,1.375757987847635810e+00,-2.013020467085388621e+00,5.407356701220154882e+00,1.839699298294920293e+00,2.997688338926548113e+02
1.043678142286203592e+00,1.096062428374227959e+00,1.430955087054249786e-01,-2.475142264654949908e+00,1.191147072756757463e+00,-4.956026750100136491e-01,-1.773948572895899689e+00,9.715820943035967661e-01,9.407456421755088227e-01,-2.241907374540455855e+00,-3.077254611871731438e-01,1.915910148211860786e+00,2.110065967416494104e+00,2.484012930330537494e-01,2.279260765880431805e+00,-6.802575976905004262e-01,8.621194229244314444e-01,1.584052204581804180e+00,-9.265171779043885891e-01,-1.746875507367813940e+00,1.797193848742953959e+00,5.413037972666787656e-01,4.092975697295040405e-01,-2.010954695038796647e+00,-1.014983802981395788e+00,6.978616666615624631e-01,2.729488455163144422e+00,-6.029268217470380442e-01,1.321470277959931883e+00,-1.564146457299656845e+00,-1.292182249162859176e+00,5.208477476682173979e-01,-1.890859606469258658e+00,6.870680507168060169e-02,4.352847355422818088e-01,1.416101566991095240e+00,1.000843345633141812e+00,-1.093344792112529884e+00,-5.503545481296699959e-01,2.680779146509393751e+00,-2.654622213033560829e+00,1.153243930301386611e+00,1.874535897563585074e+00,-1.877280191341864857e+00,1.075735039968053419e+00,5.054266665202123754e+00,4.471028399377631746e-01,4.497823828527988121e-01,-1.174250286303649693e+00,-2.350592380912122081e+00,-6.681747624743797354e-02,1.710808290663003328e+00,-4.465619087769432949e-01,-3.583895492884987544e+00,-2.535469330318830483e+00,4.471728465497361249e+00,-1.125747982283435089e+00,-1.569122312221169935e+00,-2.926465879587802910e-01,1.405926174442532872e+00,-5.767562937431169878e-02,-1.241362814185964725e+00,3.599564331571859510e-01,-9.069797328035126283e-01,1.614489345079360927e+00,1.067344101855397742e+00,9.040102112579713189e-01,2.121952182573062284e+00,-3.800425157987358804e-01,1.760217441895580714e+00,-3.079850261634417552e-02,1.167590685551292307e+00,-1.335401475375714631e+00,6.423516716106167923e-01,6.336659740548252762e-01,5.342443335613410449e-01,3.379105821591826264e-01,-6.167680304609736430e-02,2.741682504245347429e-01,-1.206186538406870179e+00,6.946685502332137219e-01,-3.504407844382642079e-01,3.177342475994011650e+00,2.486202347865285489e+00,2.026053617381847527e+00,-1.624295881630716698e+00,-2.888175382355330445e+00,1.720118496276441117e-02,1.269488347391148020e+00,-1.333102439989866994e+00,9.420158351163747668e-01,1.438952948651766262e+00,4.024042048275924266e-01,-1.963563024804382717e+00,-1.453978810146435263e+00,-2.142957809246094136e+00,-2.100669041607455600e+00,-4.478194780250994711e-01,-1.549210524114748022e-01,-2.412575875191698138e+00,1.601318557935955011e+00,1.971465044786830378e-01,2.537234198219925907e-01,2.167344729559125494e+00,-2.130044351905755029e+00,-1.544094438320044782e+00,1.837888156220703229e+00,1.120321626176001423e-01,-1.536022887278513105e+00,-1.556481488914079003e+00,1.955680843056125662e+00,3.922032656054085908e+00,-1.148023549914917396e+00,-1.562878861735468972e+00,-1.705483641477517284e-02,2.071174293336986438e-01,1.431095368033268311e+00,-4.263744838814912397e-01,2.183972703007317939e+00,-9.247133512904648356e-01,-8.843263969190350293e-01,-1.799218924296456246e+00,1.722695277410012826e+00,1.191436308561751201e+00,-2.281767776813979243e+00,5.657921264267227190e-01,1.918942140748581382e+00,-1.767109331827837748e-01,-2.925732398026785308e+00,-6.140818041220882373e-01,-4.389470879729372443e-01,1.240337673246636241e+00,2.427626827409709254e+00,-3.471755470294740631e-02,1.064978177087672062e+00,-1.461745740690643558e+00,7.272156209522419035e-01,-7.036301484263037809e-01,8.037521546658406013e-01,-3.680713743544816174e-01,1.794323483519043028e-01,2.620596961656119994e+00,3.607913933651982763e-01,-1.955759434015102327e+00,-1.034882193786353488e+00,-1.146898163017270322e+00,-1.249479863430587923e+00,7.830399854414381577e-01,-1.963343314764432135e+00,1.031070234635043992e+00,7.584022282477356769e-02,-2.466676232052384954e+00,-5.010828899445064488e-01,-7.124971819199642509e-01,1.349329114340443780e+00,-2.257776838319223989e-01,1.133056691146600015e+00,5.539996702713849697e-01,-1.983409991621032376e+00,3.488953244498692374e+00,-6.180135174436385270e-01,8.734466775090743429e-01,-2.317607318088858115e+00,-8.225234677829722230e-02,2.219725702095059816e+00,-7.545030076500226501e-01,6.715696454383196512e-01,1.780303907544252606e+00,1.129471721916007199e-01,3.048645141792143964e-01,-8.174053253962806354e-01,-9.773518446831148676e-01,-8.386146129563316898e-02,2.618963704470341103e+00,2.189099434410346212e-01,2.019957890339704853e+00,2.468173305152458474e-01,1.212404775585736338e+00,1.341568617670277686e+00,2.933184961083362019e+00,-4.902145684485673116e-01,3.208754854765444864e-01,6.229902279407936172e-01,4.554224123256515044e-01,1.958328709047802429e-01,-1.131061967568435689e+00,-2.506498673504325758e+00,-1.463810171590785303e-01,7.513874821086696798e-01,-5.709170269548312637e-01,-1.240823394532655666e+00,5.342295522517229722e-01,1.017622449374258942e+00,-1.362831407730588973e+00,4.495484806613301743e+00,2.310391693410862146e+00,2.998821682196404481e+02
2.804596221197032668e-01,1.127964949934030958e+00,4.095603339454877423e-01,-2.373848571201081725e+00,1.392403178614968873e+00,-9.866874245195167425e-04,-2.151710332318684582e+00,1.039696434724782570e+00,1.516023426196239532e+00,-2.591822888644664258e-01,-2.457308592664020352e-01,1.869922278109785507e+00,2.292781698496244580e+00,-7.381708006728702198e-01,2.190071208594092766e+00,-4.187341671562645473e-01,9.491551407141638474e-01,1.522176936740606834e+00,-1.247066689615480284e+00,-2.117556546340777501e+00,1.944783671859699137e+00,1.178927354958526408e+00,1.150045448743809651e+00,-1.575519083121169617e+00,6.544106032843902687e-01,3.882199433858303794e-01,4.568180355295675676e-01,-1.410148965569805735e-01,2.495635449546159457e+00,-1.883505281682437804e+00,-2.661902753164388180e+00,1.063479758417936072e+00,-1.269853148408721655e+00,1.470045654278880676e+00,1.094360755258716733e-01,1.335642634427401720e+00,2.683441126152079081e-01,-7.789289195819085743e-01,3.160194978102836560e-01,3.814693417617402993e-01,-1.480934707598464461e+00,1.565071599458728979e+00,9.426336876194435499e-01,-1.657773487798769541e+00,7.923800217655133649e-01,5.052762568937184895e+00,5.179918560185875487e-01,7.780566637078047965e-01,-2.860092906264887214e-01,-1.786979109672986787e+00,1.700662663430489996e+00,2.199057819558262850e+00,-2.480477751675148890e-01,-3.594669374892181857e+00,-2.488832001042171616e+00,4.351424348502238360e+00,8.471395535081520656e-01,-1.136136274427887560e+00,-5.216934588924752036e-01,5.248723477378247626e-01,-8.776010007690795423e-01,-7.922712781233264279e-01,-1.236911069717563372e-01,5.599332280028879172e-02,2.142763273394436396e+00,1.108233333256283704e+00,-1.422246015913785522e+00,2.422873414571179218e+00,-9.960845821768724573e-01,1.221338397825832534e+00,-2.369950400005209901e-01,7.163566681085323795e-01,-1.791134679023283605e+00,5.774830516045128537e-01,2.766978864735622490e-01,2.623634524818976299e+00,5.103080827983703660e-01,-2.032670570605624505e+00,3.703239991222190830e-01,-1.265313026138720653e+00,-2.243613510225042906e-01,-1.161399093784300840e+00,3.703709992006937846e+00,2.156826399339123235e+00,2.270215874602180328e+00,-1.867150361498003841e+00,-3.460266345264933818e+00,-8.891160760134630969e-01,2.034210875306882382e+00,6.400451666246989024e-01,1.021298501001986159e+00,1.756261984403490573e+00,7.807943894719561184e-01,-1.900300108123193166e+00,-4.781872000914699217e-01,-1.591306633354155675e+00,-1.841527071231986445e+00,-5.386975856551775577e-01,-5.624865466381619994e-01,-1.737881673979723818e+00,2.885513829796061636e+00,-6.842504564037283910e-01,1.801099879249485614e-01,2.297441794510101776e+00,-1.545070805685338611e+00,-1.121860003408921891e+00,1.926688339977034259e+00,1.794669012599453328e+00,-2.290403637294593508e+00,-6.182440432695524013e-01,1.355654378241454294e+00,2.640857934640233662e+00,-1.701679376013051526e+00,-2.298305894530380256e-01,7.392492815966061892e-01,4.059060566891232180e-01,1.552410459218563021e+00,7.467360150647089911e-01,2.428644416826235997e+00,-6.742026386631269075e-01,-1.114944693688185162e-01,-8.922423367451164378e-01,1.122725149649407506e+00,7.747762718280521987e-01,-3.075198526849538538e+00,-2.948749918167686834e-01,1.412556399225475490e+00,-1.517903712416118767e-01,-2.837481356275926458e+00,-2.131285223776814008e-01,4.722781692225022643e-01,1.760008064830244301e+00,3.331952232693182303e+00,-1.077448662046533334e+00,7.221187916020928022e-01,5.277251319340021674e-01,8.788033460787333384e-01,1.100889207375963935e-01,4.464504757634554788e-02,-4.620527554422896310e-01,-6.788714116676416443e-01,3.260054458755330842e+00,2.007071930746970323e-02,-7.337334959535346535e-01,-6.526585513388516446e-01,-1.476354444625936235e+00,-1.300880706089378780e+00,6.819895529621781138e-01,-5.957904827463531006e-02,6.414505183589387372e-01,-4.903545982397750080e-01,-1.602542210634356312e+00,-9.547918879754971333e-02,-5.155274538298573184e-01,3.464266749352678421e+00,-1.303870192590387056e+00,3.906377100064913899e-01,1.659361485914999434e+00,-2.955061342632225863e+00,3.766287935848113833e+00,3.671485587414615726e-01,1.758602443624849077e+00,-2.712565217715225518e+00,-7.745357816388848127e-02,2.584290874177035402e+00,-8.895711952433774106e-02,1.888146592406374502e-01,1.290007636543532676e+00,7.566067382026432364e-01,1.606644186929814255e+00,7.419505826280703431e-01,6.797411788680659539e-01,-2.524602098859017596e-02,3.336844065431872952e+00,-9.490807168864262566e-02,1.308561017161657514e+00,5.541075092563446658e-01,9.777858721825797295e-01,7.379358364453586505e-01,3.203347376918161071e+00,1.613735429963275569e+00,-2.792875447935079802e-01,5.750592471189984733e-01,6.324086883219007804e-01,-5.550216369690397222e-01,-6.640458268244681106e-01,-3.330685374771499507e+00,7.515554457979218839e-01,-1.654828090892960457e+00,1.117511373650730055e+00,-1.758556523724107867e+00,1.226573101216456019e+00,1.433507887184507945e+00,-7.394035917437880023e-01,5.562051270906056999e+00,2.349412437613760396e+00,2.999287791604340896e+02
5.676231340830906191e-01,3.000779499157835706e-01,3.272749583643501659e-01,-2.016573477926122404e+00,8.943405550420108208e-01,-4.215403621053820937e-01,-1.014650147466416685e+00,8.722255127649145012e-02,1.048282336531813019e+00,-2.121355510394269839e+00,-1.023360052470174142e-01,1.719689536543270947e+00,1.897340446503177347e+00,-3.801109313229307229e-01,3.351670629489820197e-01,-1.513490982825325792e+00,3.570401678121834510e-01,1.573700139881984539e+00,-7.737556223092850738e-01,-2.034688311215326895e+00,2.860099778416540062e+00,7.997416329656131806e-01,1.475998807813572622e+00,-1.838713630133420596e+00,2.215411333414920581e+00,1.389397756294644237e+00,2.833328926202393738e+00,-4.021576993001097500e-01,1.562490279109948865e+00,-2.212915767962075897e+00,-1.515177540383193522e+00,4.197394271395642473e-01,-1.837441839859002668e+00,9.756496344695436695e-02,1.516500831670838823e+00,9.284314050927431339e-01,3.588063228547113681e-01,-1.547182291131129706e+00,-6.891752640067966285e-01,2.898899318761757549e+00,-1.713252296494755189e+00,1.048160906865799991e+00,6.109323441433198720e-01,-1.918126727241423524e+00,2.166602339042763559e-01,4.486829868955361178e+00,5.061163984063393739e-01,1.351322113048034179e+00,-1.059499368351970228e+00,-1.201872609811249326e+00,1.048130991082369734e+00,1.904658701357866857e+00,-6.006196612201137874e-01,-3.191456634877020360e+00,-2.988932045426039075e+00,3.677548418697237587e+00,-5.033752600686541845e-01,-2.519647877661660429e-01,-2.284154914711341022e-01,1.085116401094557315e+00,3.423059163504286184e-01,-9.788885498836927823e-01,1.347465158034857335e+00,6.727067460191222814e-01,2.148205640446093856e+00,1.151926415732935194e+00,7.685495553355308207e-01,2.042262267024185451e+00,1.008033251475952241e+00,1.633783914745916999e+00,-4.120417181189162115e-01,1.817208645149039681e+00,-1.465361923367585639e+00,8.959848783791792837e-01,1.847504301047217856e+00,2.368460233941553472e+00,-5.753452600913684378e-01,-1.716442630595961250e-01,-3.766936618005383153e-01,-5.398540856987545933e-01,-1.915964023428022855e-01,-9.840376092017403264e-01,3.356192357655898739e+00,2.452705377662562913e+00,1.357740003880606672e+00,-1.392320311897042640e+00,-1.009032388392369306e+00,-9.143036375694828521e-01,6.416673424282196558e-01,-1.656555447942208881e+00,2.589336861124769573e+00,1.762544239479984176e+00,3.598745119819350413e-01,-1.596686008090895559e+00,8.569344104275163909e-01,-1.554067019206147426e+00,3.374241631090137417e-01,-1.032792018998586858e+00,-1.927546254117538105e-01,-2.698680260230092554e+00,1.311855139205823750e+00,-4.755892915778004437e-01,5.230476288171179711e-01,2.432743874428437536e+00,-1.476221084188218624e+00,-2.280336167783850065e+00,-4.181836077224564963e-01,1.999041976212424965e+00,-1.133179773105640775e+00,-7.935362235300084111e-01,1.648832002158064469e+00,3.998293605906433346e+00,-1.525277771792503234e+00,-1.293724193853955651e+00,6.095873603760592063e-01,7.010139221270305088e-01,9.235991977451986079e-01,-2.268667115883452379e+00,1.850384517743967727e+00,-1.211189613177105606e+00,-5.289586117162915491e-01,-5.997022091120995935e-01,2.077107090359476604e+00,7.915533198340917176e-01,-2.170632399218122011e+00,9.109055323998772602e-01,1.131954327249492520e+00,-6.003244092210906491e-01,-3.143006269943447339e+00,-8.085621141685135349e-01,-6.556370367419421530e-02,1.138541095837881212e+00,3.195007326666058134e+00,1.120153465576144147e-01,1.226925711074673631e+00,-1.679148362723688281e+00,4.777407353640464871e-01,1.401321811518377591e-01,1.138515992542816102e+00,-2.495365206951372095e-01,-2.696133473588758767e-01,2.752217938595619362e+00,-1.470369775714082672e-01,-9.947339741806437985e-01,-1.126252043612974374e+00,-1.253380199617738278e+00,-1.200206408394538071e+00,2.692728883352658587e-01,-2.516980880888968652e+00,1.096568666230549050e-03,-5.205266789760021329e-01,-1.591092915719793055e+00,-4.051685924935526373e-01,-4.123975023058544798e-01,3.675295692918806534e+00,-6.923342744060725362e-01,2.004926342118185545e+00,1.088444951396494886e+00,-1.840462055118645024e+00,3.072879921959305261e+00,-3.044927185608762299e-01,1.780110133556438878e+00,-1.925043362627476773e+00,5.831592143644245274e-01,2.387138008385394361e+00,-6.481493899975516726e-01,1.208945385439526232e+00,1.660415803826712944e+00,-1.810387599133950198e-01,1.890738011716979639e+00,-2.213761843343940439e-01,-1.033332518188231131e+00,5.413431430735633765e-02,2.670993410082581399e+00,-2.498544050508633152e-01,1.979015992954448633e+00,3.998643172439198534e-01,5.279216758341227500e-01,4.484647089500750639e-01,3.766568794897535710e-01,1.739527940170139120e+00,-2.545873466422516440e+00,-4.857487715371537895e-01,1.222786653340927510e+00,-1.616581725433887118e-01,-8.671117507722255757e-01,-2.580668007314763202e+00,7.569376970179840791e-01,-7.531911761485536871e-01,8.296982358309347161e-01,-9.683090884260557862e-01,7.180759353669522449e-01,1.070613414987411804e+00,-2.045331463543125672e+00,5.375378395755728178e+00,1.252862140117405598e+00,2.999344330560660978e+02
-4.893981935140689354e-01,1.068104087045670614e+00,4.848275624940071582e-01,-2.625144629028195009e+00,9.366896994222320139e-01,-8.935082051565823580e-01,-1.981114390360334321e+00,-6.199777671532157725e-02,1.062973763618910938e+00,-1.898119032176521559e+00,-2.662699103765087116e-01,1.643168076605985739e+00,2.088342065472212905e+00,-6.899492961034469074e-01,2.035253185163359735e+00,4.646079047646221039e-01,-1.359287563960998479e+00,7.991085822726818888e-01,1.498724286806536465e-01,-1.881789311267108467e+00,1.975355532859970120e+00,6.020931633418589168e-01,1.591515063106504257e+00,-2.265003321179865914e+00,-1.385292640537638675e+00,9.674038838324340306e-01,2.534199640576499490e+00,-9.809319103059860323e-02,1.236699298183548512e+00,-6.437528731967843143e-01,-2.168316035570776457e+00,2.097536987248593277e-01,-1.608927199508475958e+00,8.554994568528082044e-03,2.876808356171870473e-01,2.063194983376360092e+00,-5.421315999595823776e-01,-1.456842658013665748e+00,-4.643498604853225631e-01,9.279688001014957388e-01,-2.069073141459631116e-01,1.707633627164415691e+00,1.756877833182752369e+00,-2.149607275023422748e+00,1.910929508626646900e+00,4.981946881458471310e+00,5.535479592615114575e-01,1.138524475593188257e+00,-1.285412063237319602e+00,-1.744167491025155003e+00,1.148568658400229481e+00,1.964204589320388994e+00,-4.427395885843020129e-01,-3.663657441978924734e+00,-2.847472427218056268e+00,3.929410097978083272e+00,7.176559986201620500e-01,-1.667637196780405118e+00,-2.049731143107684783e+00,2.173324951591838694e+00,2.079592546224669214e-01,-5.677268441622859152e-01,1.136330709223792312e-01,-1.528899511024004454e+00,2.070347784721267459e+00,1.879388265498621369e+00,4.575470004860487938e-01,2.131167814921702153e+00,1.267235937718358407e+00,1.012237151476412800e+00,1.060181882763661543e+00,1.334734984323103113e+00,-6.822698362402045413e-01,3.339330817430752885e-01,-8.561104087653906847e-01,4.729625733024795942e-01,2.661160998715330628e-01,1.143838577651123067e+00,1.403211107577439498e-01,-1.226261983189485649e+00,6.609398633265500811e-01,-1.349558855224472831e+00,3.345840337347439686e+00,2.028720226905373902e+00,2.052982361385658816e+00,1.096153759286353724e+00,-1.296429349647466811e+00,-6.673302149492797986e-01,8.970025888794546098e-01,-1.325114213183741452e+00,8.276921375239327805e-01,1.329167930236503814e+00,8.419762451980374873e-01,-2.184871257979061898e+00,1.178350917550817334e+00,-2.061724561471493189e+00,-7.661898698366053084e-01,-1.564786582052618336e+00,7.537546416357316925e-01,-2.259665863609711334e+00,1.646491884058317590e+00,2.056913687779022837e+00,2.952480724657810529e-01,2.849142736147629584e+00,-2.130752729372026977e+00,-2.207972260338725512e+00,-5.288102983252163103e-01,-3.789499972456006338e-02,-3.188484222714860206e+00,-1.738774962479166408e+00,2.090092588111799099e+00,3.456281172305787575e+00,6.340290088031328430e-01,-1.403535521059157354e+00,1.485022447155933456e+00,1.543043098141470282e-01,1.345079545310522873e+00,-4.144204464627140871e-02,1.443942480078386881e+00,-1.091685465446871728e+00,-3.369323239416613935e-01,-1.032012220645649458e+00,1.407618016808144690e+00,9.061292716390473290e-01,-3.442659118925312622e+00,1.317739341848061518e-01,5.541061417924608712e-01,-2.732848310313919504e-01,-3.015582161415767182e+00,-2.746524236220410087e-01,-4.360911879727872864e-01,2.323359727480765358e+00,2.086425973437163073e+00,8.472564127724166450e-02,1.243186069229883284e+00,-7.833154787775772343e-01,1.261282263848372498e+00,-6.933401121705248249e-01,5.703579892874776069e-01,4.754130684831355813e-01,6.079335980100078474e-02,1.827707254344876464e+00,-1.619890558358744181e-01,-1.929173872292071934e+00,1.071351570449354362e+00,8.119733405747059374e-01,-1.415270436600780446e+00,4.410169943988106467e-01,-1.004925193551210461e+00,8.152266669777488151e-01,-6.103365578309498662e-01,-1.536817716143855206e+00,-5.169187147276513850e-01,-2.618857985284528400e+00,1.494647577497183910e+00,-3.812072589757447560e-01,5.189067097679012086e-01,2.176460380966739994e+00,-2.101386475754110084e+00,3.624061532216877879e+00,-4.817246263540295170e-01,9.997824204908472012e-01,-2.377613915558840940e+00,-2.452159430788459771e-01,2.637165462815630246e+00,-9.975176261830539515e-01,7.077337746932051976e-01,1.707670452492131341e+00,-4.881598918856040470e-01,1.307230748942222132e+00,3.757436011549861732e-01,-3.760455862431239527e-01,2.676643254104952296e-01,2.407374226842678322e+00,-3.377181251399464790e-01,1.888076166893092100e+00,6.142375875830838883e-01,1.152626222384498966e+00,2.270635606025856457e-01,2.952639488789063016e+00,1.314630683027157909e+00,-3.515846056801720243e-01,9.561301104844459609e-01,8.848907680966322520e-01,-1.895988070703671646e-01,-1.951078392820301044e+00,-2.559035040605605715e+00,-3.867715378618926114e-01,-1.225491263786072205e+00,-7.347249506597935964e-01,-9.528563512943025726e-01,8.136056826941855391e-01,1.311577146612727729e+00,-1.284970280085549144e+00,4.769541400408254361e+00,2.089761566998913800e+00,3.000314376543635149e+02
-3.817647930714136995e-01,4.521369238991523321e-01,-5.503676176589430424e-01,-2.977066154212648197e+00,9.382199914271938113e-01,-3.758847237582622069e-01,-1.620213728560855548e+00,-1.860972424664940339e-01,1.151250219713608969e+00,-1.994300206860086577e+00,-1.150880413577710648e-01,1.865239780150775628e+00,2.151175350153133436e+00,-1.684233521994848104e+00,2.860752467763676976e-01,6.491402929901217700e-01,-1.161300513816595492e+00,2.018638090670637375e+00,1.590338494233219380e-01,-2.121814200898815006e+00,2.873869273196394847e+00,3.734041194572708666e-01,-5.113942589276939538e-03,-1.291620104495108556e+00,-1.420563801404259197e+00,7.109203281912719330e-01,2.554249182400432527e+00,-3.956760346115767435e-01,1.468060239839598990e+00,-2.715121423571146941e+00,-2.232991620531970423e+00,1.934301082775340963e-01,-1.794408413158072202e+00,3.238554966335276120e-02,1.291278357954520173e+00,1.128022311858796423e+00,5.832346423926784706e-03,-7.806228966614318088e-01,-2.087407051975411210e-01,3.074379680306551954e+00,-1.426535554509260839e+00,1.667621599075171268e+00,1.472374790424082480e+00,-2.166842255525838645e+00,6.186747564266391608e-01,5.168178351088882572e+00,1.031860443179422493e+00,1.049118544430289068e+00,-1.089098012495935963e+00,-4.102949063773296268e-01,1.150836831465678722e+00,1.885316230545719840e+00,4.775479354289905581e-02,-3.902903996095914430e+00,-2.832183594319828135e+00,3.908686736661583172e+00,-1.133578865742648212e+00,-2.106504817427386378e+00,-2.059045023477492631e+00,2.257879673703207857e+00,-3.099044462154629254e-01,-3.626330313757336610e-01,4.849577548547918948e-02,-1.701825348860629195e+00,2.025317164907072254e+00,1.916357038687972025e+00,8.498428740227063072e-01,2.662519735586286629e+00,8.316862130559576904e-01,1.539039210738142538e+00,1.153752332817679971e+00,1.908665676925879851e+00,-5.836439858262745251e-01,3.075751244029686915e-01,-9.651447628458487138e-01,3.190166103155060995e-01,-7.150060745943140894e-01,-2.373322902547647661e-01,-3.009555167419408206e-01,-8.005834754420064758e-01,6.050088793745217464e-01,-1.016536292821050624e+00,3.792121355955899720e+00,2.402542421108332160e+00,2.559847032950842927e+00,1.056398136452217029e+00,-2.411533258409888081e+00,-5.746152553709970023e-01,7.271610444706276821e-01,2.974720119790844053e-01,3.524549518861904929e+00,1.827865744298962314e+00,3.035959211921187562e-01,-2.323417967315137833e+00,1.011454586659692456e+00,-4.381169715082591232e+00,-1.685758976232222706e+00,-1.704005848654245314e+00,1.417120708337432422e+00,-2.482355350266524763e+00,1.253910516508121020e+00,6.003021409814365272e-01,4.263183009784966560e-01,2.661599831974799102e+00,-1.584931994435691438e+00,-3.142303590515867828e+00,-3.427796628962873765e-02,2.644555844637963560e-02,-2.970154532988945384e+00,-1.095435591864563518e+00,1.515494185886710587e+00,3.371951362285107834e+00,7.339196268700043380e-01,-1.491754807330333055e+00,1.345014139583276203e+00,8.221548048804694364e-02,7.914111688910314690e-01,1.384157195784496253e+00,1.431850409021137249e+00,-3.901222068353023542e-01,-6.707501119689890379e-01,-9.087271769342217809e-01,1.012390440308016615e+00,8.432543344602646540e-01,-2.034031209104117721e+00,-1.570281181405652982e+00,5.727717685046085361e-01,-6.558520519870799648e-01,-3.193901052216813419e+00,-9.488234456246652515e-01,-1.238132734241015470e-01,2.211437290598239791e+00,3.172544530867740242e+00,-9.812886278517717054e-02,3.760540553295289024e-01,3.295031679944045999e-01,4.714506761720296257e-01,-5.397825508374990422e-01,1.101123197555925914e+00,-1.982903116038405578e-01,1.027182039838104577e-01,2.786760734045047982e+00,-1.972413400440561904e-01,-3.136589066537363912e+00,-8.861470618350507644e-01,-1.393157782536403877e+00,-2.402693322360733408e+00,2.858022826074651523e-01,-1.066758933606192894e+00,3.220247426602301788e-02,-6.782232674839755449e-01,-1.774924436919503412e+00,-2.431645506591190165e-01,-8.924718453141143870e-01,6.475244688168730889e-01,-3.846208862457349831e-01,7.340711143088807233e-01,1.371916145035667611e+00,-2.338237623387733333e+00,3.401459106348275530e+00,-4.513606937767752347e-01,2.104389273372456071e+00,-2.164895698712346217e+00,-3.425424183193455097e-01,2.401434068231024899e+00,4.675223270848669621e-01,7.851161529223020796e-01,2.217345896819470585e+00,-3.285715296121055617e-01,1.803270203235307845e+00,-8.801120507452298014e-01,-6.667151645691653528e-01,1.207333600830744619e-01,3.079535512532148189e+00,-2.916045606426764247e-01,2.202459855778349240e+00,5.437296623766124659e-01,4.312470791505921830e-01,9.411680844031218296e-01,2.802194615377747944e+00,1.217997019158810978e+00,-2.694625532481973895e+00,7.866642590248468236e-02,5.767507947921890477e-01,-7.671785373568695832e-02,-8.364891141165494703e-01,-2.448773437622119964e+00,5.663543967530439982e-01,-1.428155015908645575e+00,6.468256329362898072e-01,-8.471009716470768725e-01,4.721106802085703880e-01,1.340890028583787918e+00,-9.994920897579990804e-01,5.731211715937815754e+00,2.256133373978831180e+00,3.000508214551039714e+02
-3.420987498981916675e-01,9.155245513830990722e-01,1.326039891304520713e-01,-2.600401541234173663e+00,1.220265821877141388e+00,-4.041078770055334113e-01,-2.008383904085353500e+00,1.022216919194945950e+00,6.446933580191236413e-01,-2.133265904708633087e+00,-1.933746089876737795e-01,1.771895493842074121e+00,2.276921041475214569e+00,1.042146580083062879e-01,2.442745371824730061e+00,-1.278856441706467173e+00,5.812465112211717688e-01,8.732004337808355610e-01,-8.006992947162970831e-01,-1.660781582175614224e+00,2.073255930729672070e+00,1.817718348852787491e+00,9.596817913954211465e-02,-2.052349868945513744e+00,-9.933085228095661634e-01,7.066788923986937476e-01,2.331230342453421311e+00,-5.656397273261155600e-01,1.117840740854251669e+00,-1.466629350325201475e+00,-1.828141347224846225e+00,-7.768041046414286832e-02,-1.609148240729296075e+00,4.237479748388932044e-01,7.547811953884125957e-01,1.882173438512406927e+00,1.027780625894567423e+00,-1.275674518888570308e+00,-3.128643207247656655e-01,2.620982518719056742e+00,-2.523213896988651062e+00,6.936847994485343394e-01,1.865790868429495042e+00,-1.957333961908283682e+00,1.035752991860434680e+00,3.422704427192126531e+00,9.941624150725695275e-01,1.121400175885438832e+00,-7.568426499478762004e-01,-1.896249693923518720e+00,-1.216115100853952385e-01,2.157922815902062030e+00,-2.164373542810665629e+00,-3.186381269810302896e+00,-2.903867512300594811e+00,4.637354079933642126e+00,7.464275581275577887e-01,-1.132655179318036165e+00,-2.172974206491133042e+00,1.167054257194661826e+00,-5.369059794838387800e-02,4.286581703804323018e-01,-4.291146224550583532e-02,-6.638580496269779196e-01,1.094020146775542823e+00,1.060709615336576928e+00,6.637420878979140015e-01,2.444143254352052264e+00,-4.612254440206280393e-01,1.671886015475642528e+00,-4.098380334262569091e-01,1.917636859438191621e+00,-1.243441066479591850e+00,5.308954968373015282e-01,-6.320836939623554473e-02,6.660413402569133057e-01,8.799999964469764624e-01,-2.249640202574587633e-01,6.569338670478690467e-01,-8.673033461852472925e-01,7.211907220759729009e-01,-1.147643270796657511e+00,4.030015340615378250e+00,8.387257119838387176e-01,2.222219285968288105e+00,-1.844969185574294901e+00,-8.870336994176302170e-01,-1.484636552615298477e+00,1.166948003487666252e+00,-1.173989961073798494e+00,2.918418258735065773e+00,1.812908734183483084e+00,7.137522609666299145e-01,-2.082759175777502580e+00,-1.344495767300361688e+00,-5.048379281854779244e+00,-1.654625039389008068e+00,-6.201898949000159700e-01,-4.552855627957282381e-01,-2.638960950696463748e+00,2.758826221432877812e+00,1.936008567257179458e-01,4.695619360502963913e-01,2.243615824998702823e+00,-2.351729808240698993e+00,-1.402018162714734784e+00,1.320144040123419238e+00,1.024986348963180388e-01,-1.576775655808850374e+00,-1.009637835462839695e+00,2.263378967107733786e+00,3.335199715386148345e+00,-1.176660172821358152e+00,-1.359538336063983222e+00,2.879581019864727587e-01,2.266732734911640068e-01,6.224594977932910167e-01,-4.684201554941945234e-01,1.687971839388507922e+00,-1.346683997326090898e+00,-4.653153707697902930e-01,-1.489701186165356628e+00,4.186668980677179519e+00,1.129650918262169013e+00,-2.079652551818514272e+00,3.012319656767174503e-01,1.831973760967992693e+00,-2.794449826497089617e-01,-3.366373422299179907e+00,-5.296294850648308739e-01,1.700044652763265940e-01,1.479861105400194443e+00,2.315350505844230078e+00,-1.381756283520086115e-01,-1.545522312527000341e+00,-1.655201584603563258e+00,1.070732818692894384e+00,-5.290361524582506414e-01,7.405561662680497648e-01,-3.058177144254146107e-01,4.015736332175284806e-02,3.005741774940179134e+00,1.814413251023520857e-01,-9.881852396238124392e-01,-7.506800365260513086e-01,-1.161412566508945199e+00,-1.989470004077658505e+00,3.713017628860484365e-01,-9.700933185248989954e-01,5.357313482966671314e-01,3.436821459732807005e-02,-2.294645586222510580e+00,-6.742466027171232223e-01,-1.243164678110219468e+00,1.495258550908425299e+00,-3.988217475217138985e-01,1.122556420208071559e+00,1.964250143493432743e+00,-1.764345794655214350e+00,3.611796043741315909e+00,-4.896126639443111328e-01,8.687624802103444122e-01,-2.459276100076027038e+00,1.704389589467331656e-01,2.240245145522150594e+00,-3.319575164687376678e-01,1.291900033257062042e+00,1.612274505377535583e+00,1.223217644616681832e-03,2.735162491360556003e-01,-7.456147049138670546e-01,-6.357534268392590615e-01,-6.483311997133620608e-01,3.013245842376391259e+00,7.759129911890402242e-01,2.220047226557673170e+00,6.099191720559350438e-01,9.790436657879872939e-01,1.218197286135987323e+00,9.988196753663582117e-02,1.798994153619131398e+00,3.120727245929993399e-01,7.464949837474645911e-01,1.333658078905229694e+00,6.823139225664295870e-02,-1.278430750170210128e+00,-2.551867794017337321e+00,-4.517618189218343128e-01,5.095019691439686138e-01,1.478381860403571668e+00,-1.381547354462197674e+00,1.270575027337667251e+00,1.081037088817778713e+00,-1.386735172427491003e+00,5.178804543708416475e+00,1.949951505611501990e+00,3.001449837721298195e+02
7.750022039949171493e-01,7.937148669084296282e-01,3.663096696020355370e-01,-2.137744008054179634e+00,9.851458888246710233e-01,-6.155259184232446668e-01,-2.006410256094155020e+00,8.322192249713230572e-01,1.277704089229176665e+00,-1.209147077344211230e+00,-2.018925367636905388e-01,1.978704468356325075e+00,2.336188573178023198e+00,-2.897130777579667860e-01,1.854221740756205161e+00,-7.622819521202198745e-01,6.388129150505263976e-01,7.703164959764314812e-01,-7.635031400101386367e-01,-2.208231459501138083e+00,2.327227604400337491e+00,8.119805499977394980e-01,2.150939054678416007e-01,-1.843274028125515329e+00,6.003295158977586254e-01,8.076263029660567527e-01,2.553547946922335221e+00,5.025770764676484176e-03,1.879294801489646227e+00,-1.806886926991783104e+00,-1.276756976777462471e+00,1.100405261900980980e+00,-1.244519802073955406e+00,1.574847704714177343e+00,1.631070282204349908e+00,2.460453925125525743e+00,2.569045513885072629e-01,-1.173316266224981863e+00,-5.751541957351680168e-01,7.182338207283808229e-01,-1.332822660204166620e+00,1.143405696064075716e+00,1.185465723622437073e+00,-1.639993815566723745e+00,1.155753101274996419e+00,3.728675356902073190e+00,1.155723915226733567e+00,-2.252654310817084338e-01,-2.574399423694747613e-01,-2.284417837714685540e+00,1.274968785351198397e+00,2.007014513156937685e+00,-4.289471231196803069e-01,-3.274873854742202717e+00,-3.099918626238865826e+00,4.601869169868992415e+00,7.167056882828168884e-01,-1.915063022035219831e+00,-1.463916792614653684e+00,1.764909260931988300e+00,-5.461510315253238490e-01,-5.184250470464760729e-01,-2.858382050686324449e-01,3.338022759456868993e-01,1.487521193336372782e+00,1.629928768492105773e+00,6.250146057319936332e-01,2.226157642185232266e+00,3.962685594404498635e-01,1.130257965456849201e+00,3.983167779395160313e-01,1.501192834953952948e+00,-1.443844427627090754e+00,3.368149065833934697e-01,1.797230944222551807e+00,6.250605843727646826e-01,2.680573161067272725e+00,-2.716535433626457996e-01,-7.136774459053364661e-02,-1.087294242591215765e+00,5.751718690126524924e-01,-1.168235816271279148e+00,3.650196891882249162e+00,2.610057207114254929e+00,2.433380020395639054e+00,-1.919662751456135741e+00,-9.946388679174520409e-01,-9.273195763970736305e-01,1.225976661889658814e+00,-1.270071801808996925e+00,2.620687084265151512e+00,1.609602031984487480e+00,1.640325967473983959e-01,-2.183052039384241194e+00,-1.455349014105864702e+00,-4.279911090253608386e+00,-1.039795865666281127e+00,-6.058940667914158862e-01,-4.586301531685855748e-01,-2.256602567888696065e+00,3.087172354469656543e+00,2.550140646853043536e-01,2.059118591437407719e-01,2.980673098102566421e+00,-8.540711350213774367e-01,-1.314120185978898903e+00,1.270336593815946324e+00,1.256144034799711040e-02,-2.215632276160342862e+00,1.470970741178543317e-01,2.156693754185754930e+00,4.022001395686261915e+00,-1.090166609069108450e+00,-1.546681208224434334e+00,1.540056361847036981e-01,-2.323090084458896420e-01,4.702420476289590479e-01,1.187684523721401320e+00,2.345828382626420794e+00,-6.298372038541107942e-01,-9.010017583804610930e-04,-9.609015386166519512e-01,3.993211887593829168e+00,8.158358089820795245e-01,-1.910010223766920534e+00,6.887386919128711538e-02,2.369837275344734540e+00,1.531459912490616970e-01,-4.421680607564531407e+00,-3.214240965765686187e-01,-6.902621872954090021e-01,1.491714872726488395e+00,1.720313467084996439e+00,1.556276504081351986e-01,-7.126808115630568485e-01,-1.497752955173587752e+00,6.782494158290889308e-01,1.470973088202002232e-01,-5.790404930459871480e-01,1.565133389107473960e-01,5.146460467126215410e-02,2.912095799742794089e+00,2.655553329820224961e-01,-2.265417984572164478e+00,-2.508814302642442540e-01,-1.002956133943778250e+00,-1.011425014189026639e+00,2.702334696030092021e-01,-7.588562248434098656e-01,3.334292082826567638e-01,9.444803890822439651e-02,-2.152410703513361945e+00,-7.098134791216378359e-01,-1.279841007474435521e+00,1.435495879840293698e+00,4.822544467066397500e-03,7.125104347254807013e-01,1.804493108952844205e+00,-2.873438147126705200e+00,3.182259032466722815e+00,-2.285094020762837297e-02,1.680636714785047614e+00,-2.665275973148725441e+00,-1.949543963842466643e-01,2.748115046092955982e+00,-7.868845725599642460e-01,9.723187024263337808e-01,6.797141747202367634e-01,-3.751276741061462805e-02,2.610948167275013443e-01,1.222888992830660104e+00,-1.178602995308386747e+00,-1.316490522960598042e-01,3.048741159343547391e+00,-1.050686136232313328e-01,1.895498893337132396e+00,1.001037428282221198e+00,5.904354893757679523e-01,2.018020797570245495e-01,5.858902810382643489e-01,1.442956653118454780e+00,-8.787367171569342439e-01,3.012265589262367316e-01,6.986967924043829825e-01,-3.438797854616898464e-02,-1.828058499197241948e+00,-2.388398412348114341e+00,-1.398712629472719460e+00,-1.555287481200095634e+00,9.950276804853281920e-01,-4.345495645466534440e-01,1.310693264143563352e+00,2.142237969186495672e-01,-1.331049547491763629e+00,5.144095330837507696e+00,2.055012007984722722e+00,3.002745722265894415e+02
-5.689931850257649026e-01,9.703432397723485980e-01,6.395826760938105870e-01,-2.379968001157336310e+00,1.143559535196232657e+00,-3.740174645742957438e-01,-2.040709551884327233e+00,1.058652852412861778e+00,2.008572044856205885e+00,-1.849918161081281154e+00,-1.525937382608393844e-01,1.782146056544910984e+00,2.465022897309524730e+00,-6.253438824337233248e-02,-4.260569032110740895e-01,6.010029465475940080e-01,8.064354539513060027e-01,1.162909971185682512e+00,-7.767020277978144982e-01,-1.684736406523408947e+00,2.491852905447386135e+00,1.188814940761370842e+00,1.471090981969147560e+00,-1.097930453140099738e+00,8.451080411060527542e-01,1.240855525531051162e+00,2.813542152460492218e+00,-8.613453547627525353e-02,2.649677175885121638e+00,-1.703167754602568751e+00,-1.620717965333348332e+00,5.393384605898562389e-01,-1.774888299722971130e+00,4.199740511778704000e-01,4.766252362006655474e-01,1.844510981732992105e+00,2.523804076493914583e-01,-1.226431537045509890e+00,2.451736136164840985e-01,1.050019960591773049e+00,-2.774709578925692366e+00,1.490094907673735536e+00,1.550832897135984600e+00,-1.755703583218960695e+00,1.144673048768934054e+00,3.539685487436785127e+00,5.943778248988265123e-01,4.263416239191604173e-01,-9.383516793792529009e-01,-1.914155359316856764e+00,1.561206835755295286e+00,1.660797473535613689e+00,3.608245026774438424e-02,-3.292557105622832658e+00,-2.428257621035789349e+00,4.466610612248715029e+00,-1.153576688627068414e+00,-6.653709937266583108e-01,-3.824169701694696832e-01,-4.198168049001836377e-01,-1.469365762108472140e-01,4.190480864117887005e-01,2.820462353808973477e-01,2.976958156751278173e-01,2.003177986729666404e+00,1.241973911500151795e+00,-1.592492606688643342e+00,2.137208255668171741e+00,8.702972122818992684e-01,1.661876196491915536e+00,9.631996606454644727e-01,2.796897768990663780e-01,-1.382963250387217791e+00,1.365859006158880451e-01,4.249357055912464376e-01,5.764112410925242846e-01,7.468920240415450884e-01,-2.539093161432661727e-01,6.046913636984718732e-01,-8.242689637525998370e-01,5.728749267512815990e-01,-1.084963355412231323e+00,3.584185689886683512e+00,8.881227913354274861e-01,2.506506222982268994e+00,-1.697401317937548226e+00,-1.633557900043127731e+00,-1.128027438744815536e-01,8.980263821144159886e-01,7.726310107881926292e-01,2.959197082724816408e+00,1.905766666953216504e+00,4.134106775226154551e-01,-2.393844492975419680e+00,1.116639651046737791e+00,-1.435340648289255672e+00,-1.401612132832183111e+00,-7.575754911454619656e-01,-3.244275978646277148e-02,-1.695385275824216276e+00,3.014215946950153935e+00,2.246685229115314097e+00,-8.580481381191683299e-02,2.679406137508979935e+00,-2.902610184074432720e+00,-1.447283413992752621e+00,1.643899876382111325e+00,-8.655904805762772158e-02,-2.521792793645993846e+00,-6.484499861807452303e-01,1.968392656303443733e+00,2.392867164005434866e+00,-1.342445185729641111e+00,-1.315333134409767180e+00,3.255414791630953930e-01,5.872782813316876904e-01,1.439326847939200071e+00,-6.796522083377953827e-01,2.435644511328635353e+00,-6.594405317749273410e-01,-5.776339856972592113e-01,-1.902286499256574448e+00,4.262336705242426582e+00,1.981634714072563419e+00,-1.953732487716870470e+00,-2.091025037560051647e+00,1.673986835337474499e+00,-3.512727275509205382e-01,-3.072005928788706708e+00,-5.819764706386320041e-01,4.430321368613510669e-01,1.755631660212839451e+00,2.293474444257283640e+00,-1.393110606526457129e+00,-1.769811252982008698e+00,-1.609400234179661604e+00,1.341283535528680071e+00,-2.598789419999077838e-02,6.962892671099827346e-01,-5.728614628514994145e-01,-5.630721835842474876e-01,2.637308865883924991e+00,-8.451496391655170803e-02,-1.201630931243371059e+00,-9.813217629984868351e-01,-1.345249336752375902e+00,-1.704638933294996717e+00,7.496481671490365928e-01,-8.775405026984421930e-01,4.750022672808754121e-01,7.716964412243787486e-02,-2.282501652817561677e+00,1.823263805366271140e-01,-1.028441710997421321e+00,1.315003901641555339e+00,-6.496413514760692731e-01,1.025294153904339423e+00,1.684382937881248488e+00,-1.970998760838907460e+00,3.254881919087858400e+00,4.279984033598848159e-01,4.422602662256102102e-01,-2.200969328063712815e+00,-1.088370353328712015e-01,2.165205414178813736e+00,6.519002886119388274e-01,7.026710748485128777e-01,1.630123097079599237e+00,6.397664977522631302e-01,3.453733915661524878e-01,3.941681962770608449e-01,-8.438760171476544780e-01,4.843119963399942218e-01,3.404346922390673047e+00,1.696969485414701606e-01,9.084760306792698525e-01,9.813797284558246625e-01,1.117565858755909636e+00,1.216312299491484339e+00,2.970811563496548402e+00,1.482667182426982366e+00,-4.947316157014538529e-01,3.979552305157955105e-01,7.759635033696479223e-01,-1.050822786310986467e+00,-1.415587231757311715e+00,-2.664093809724633832e+00,4.084883643588905766e-01,-1.658279672483634393e+00,1.240133329175693744e+00,-1.405823962852144504e+00,3.177527245450590399e-01,1.176716351349667233e+00,-1.478033315233594269e+00,4.679901573441324736e+00,2.532456281997203185e+00,3.003423662099738749e+02
5.595489140976330766e-01,9.353593068836311142e-01,5.762154377644410630e-01,-2.609429335097272595e+00,1.138809561588233432e+00,-1.454240680375422201e+00,-1.881258989064224618e+00,2.232681719968526157e-01,4.474631274948138171e-01,-6.526725504026786862e-01,-3.301197088729995732e-02,1.899084783026939505e+00,2.935516835993198459e+00,-7.217525257334868050e-01,-6.567067717152722528e-01,-1.044956312789781183e+00,-8.604825218363487682e-01,1.226393133411988412e+00,-5.651389565234604673e-01,-2.426923161083384961e-01,2.458701926177046193e+00,1.528168469244965300e+00,-4.311064577398179137e-02,-1.783785960998300890e+00,-1.463520157760224816e+00,1.249301523790766089e+00,4.007762690935147698e-01,-2.573519879647468422e-01,1.582877587309638789e+00,-2.211319302865363046e+00,-1.327556098074659907e+00,-1.042511637412846942e-01,-1.379824384778890911e+00,2.066607672312984201e-01,3.877453175056020940e-01,1.441642838671255644e+00,9.293874198460153058e-02,-1.191164531051781106e+00,-1.268425718240501487e-01,1.206768897271116359e+00,-2.590596117166479306e+00,8.172302759058623911e-01,1.240779982472592025e+00,-1.369406024166988312e+00,1.057852949502015916e+00,3.608160885655468775e+00,3.203934869683274789e-01,4.409226564966809425e-01,-1.312673683996714136e+00,-1.590911595546824264e+00,1.335900686927290693e+00,2.326849663756956232e+00,-4.337483969218959290e-01,-3.462901672454763435e+00,-3.233145835545504276e+00,4.773353298327566385e+00,-1.373499589378283647e-01,-1.100796853826142119e+00,-5.168131342398735173e-01,1.371402715290304553e+00,-7.158070050122372630e-01,-7.451067038690225575e-01,1.602704252728888612e+00,1.609003409117642780e-01,2.556195858118491593e+00,1.185270519785269316e+00,-1.288290161097526365e+00,2.511796799246828193e+00,-1.018842665094634725e+00,1.101199725627319825e+00,-2.516749405617622615e-01,8.264345766096775625e-01,-8.155416247673583641e-01,8.789147848287506282e-01,4.716380374682602739e-01,4.314248555716743150e-01,5.619808856357254578e-01,-4.256428079352206351e-02,5.817812863470527285e-01,-1.113263683176979324e+00,7.389068810309582513e-01,-9.601105388070854119e-01,4.630791978560928612e+00,1.872265897540456026e+00,2.234651000812552191e+00,-1.361318152750581545e+00,-2.751818451826517631e+00,-4.435520383763373320e-01,9.600765822566674768e-01,-1.944625050777212927e+00,3.394790061576361762e+00,1.983380434962996208e+00,2.855487830198466526e-01,-2.129858636151928497e+00,8.780458588449221446e-01,-4.022728235448994383e+00,-1.422374578193935202e+00,-8.729514103739077768e-01,-5.543941598589920972e-01,-1.734388704419904226e+00,3.237934338650146682e+00,1.931507302786600988e+00,1.795805401434784621e-01,2.455335057310402913e+00,-9.945737146236854898e-01,-2.534086625361243961e+00,1.213652636072543256e+00,-1.632476204682646315e-01,-2.098619761209388201e+00,-5.489973411175798068e-01,2.711075830462735148e+00,4.263940320632423564e+00,-1.466968637880907922e+00,-1.232172970708200310e+00,7.671481823249286514e-01,2.923194553755613101e-01,3.630680769381893214e-01,9.264843741400460297e-01,2.421128793276285496e+00,-8.945714872067996870e-01,-2.823417887246061353e-01,-1.534728395897538622e+00,3.658049758878206603e+00,1.372061087834577808e+00,-2.184408896985545301e+00,-2.295189516546489727e+00,1.221154757426173187e+00,2.268045045534266002e-01,-3.014645542965825431e+00,6.681684259536688764e-01,3.461839657803011394e-01,4.617685955995005642e-01,3.269979102419302119e+00,4.429078461033336689e-01,8.089308320048644863e-01,-1.045920714561938691e+00,1.409756237347189467e+00,-4.025084301992844227e-02,-9.240038745748281324e-01,-2.512843925776632736e-01,-8.867267738350903539e-02,2.171314789777705201e+00,6.622380831677028290e-01,-2.672672601001933490e+00,-1.009760780862240637e+00,-1.044963878289594472e+00,-1.297633170337506359e+00,8.173387407572315633e-01,-6.823275678449838288e-01,7.009848149126564065e-01,-2.031136296362489047e-01,-1.199210378537043820e+00,3.803215290157878625e-01,-4.594976092766992481e-01,3.758422769502054006e+00,-1.047379330789730112e+00,1.205276026724109606e+00,5.596358046081444382e-01,-1.583139030669835634e+00,3.179668864470324596e+00,7.593488484654997706e-02,9.588981037387054318e-01,-3.006979339676848717e+00,-2.709492753376015473e-01,2.580468984162787915e+00,-2.708729486637755923e-01,5.830471607081278984e-01,4.683432951803120359e-01,1.110617671051910449e+00,2.900280835416290670e-01,8.775361427063148589e-01,-1.196667574747451335e+00,6.308709568975250370e-01,2.950255395233894351e+00,-4.407783556608049214e-01,2.153242508031045332e+00,7.359633932590970984e-01,3.714272394062176907e-01,2.443748016408851254e-01,3.015741678009299154e+00,2.731264005241710313e-01,2.244149158293416713e-01,-1.384990049832112713e-01,3.616636938751530694e-01,-1.119560436594536773e-01,-9.827046963868636409e-01,-3.000153719524838003e+00,4.302936753480020582e-01,5.716265528124739870e-01,9.458982352658087400e-01,-5.418636895397029862e-01,6.822936416223915890e-01,1.227582780850997146e+00,-1.396507921021835408e+00,5.575965191385738429e+00,1.543612799033677652e+00,3.003830767322617703e+02
-5.159057858589346512e-01,4.141242173907256907e-01,5.270840486551198190e-01,-2.670462455182922579e+00,8.908291574437654514e-01,-8.549647083429784411e-01,-1.738883722844882795e+00,-1.962017275568461450e-01,2.138102940973077626e+00,-2.043604114740225519e+00,4.109674826217656063e-02,1.894634295184635997e+00,1.955143105771262491e+00,-6.134603730840013647e-01,1.748858673737004432e+00,-1.691731736382539486e+00,-1.040286187427521103e+00,2.038264656333898195e+00,-7.052528162051163729e-02,-2.032706244869847634e+00,1.983698069969061617e+00,3.824195703796461343e-01,-1.397072623118178758e-01,-1.235320116330479223e+00,6.136762134050010031e-01,4.979143682467674359e-01,2.945539243033973076e+00,-2.138514559161468487e-01,1.909614200406394957e+00,-1.703543055247274340e+00,-2.098823975280795118e+00,3.659767358909964963e-01,-2.068915482580777621e+00,1.154426417957666734e-01,1.131111502075595743e+00,8.949618840556462507e-01,-4.017045823961459816e-02,-4.568865491922884936e-01,4.374968385189791087e-02,7.311361720621548654e-01,-1.307138285141584921e+00,1.140162387805350841e+00,1.393823041546497832e+00,-2.152543039406378256e+00,1.646444197770692286e+00,3.779377449551783563e+00,5.705768206425356759e-01,6.967143229045095199e-01,-1.126684917219500148e+00,-1.887914427696264053e+00,1.155005368006071675e+00,1.756202776409294453e+00,-6.386137439711490060e-01,-3.957411660657718766e+00,-2.847679746422659530e+00,4.595463828621287661e+00,-7.626772207119443536e-02,-2.366916842036038915e+00,-3.991712257776924289e-01,2.145151968826601585e-01,-2.164893910364306673e-01,-5.837767677364280594e-01,1.871760678730123750e+00,3.602535601420657485e-02,2.063191224636316878e+00,1.950766711544288379e+00,-4.675930573800738399e-01,2.880386796591170029e+00,1.328899560732499152e+00,9.397670449253916480e-01,6.132299147898361280e-01,1.303089474435568551e+00,-7.510357414924480057e-01,2.536448293938645682e-01,-1.078345204638319732e+00,8.044344530947904470e-01,-6.643559106132361780e-01,-1.809201674149552852e-01,6.837145890947685656e-01,-9.934131616610979432e-01,-1.623019809018132198e-01,-1.101065770696712187e+00,4.125581254373285489e+00,1.987392112387594834e+00,2.002801427419373947e+00,-1.611668058540768556e+00,-1.075735815834639286e+00,-3.484548642339807545e-02,8.886052645869937372e-01,2.947117887711648843e-01,8.169964970038562369e-01,1.995737747301298715e+00,7.488395033503540965e-01,-2.223412509750322119e+00,1.158562448923188049e+00,-4.603074010334956334e+00,-1.036686762394541272e+00,-7.184784510546839975e-01,-6.636900588014967850e-01,-2.305567955761757215e+00,3.691965422431117361e+00,2.243314269390621618e+00,6.741134413232425793e-01,3.312465813090738731e+00,-1.582199930590594938e+00,-3.000734253218081182e+00,-4.996332780768926174e-01,5.695594154924711605e-02,-3.212901253761670795e+00,-8.077687433545608364e-01,2.187135050248093737e+00,3.339982513469728964e+00,8.031904442012464118e-01,-1.508825472685089819e+00,1.568765651360001456e+00,1.362903206199268455e-02,1.176136937091841306e+00,1.438164779490678669e+00,1.512999537547655704e+00,-6.200966939769220199e-01,-1.078134122298132436e+00,-4.299229813375371467e-01,8.235748247768833741e-01,8.206417285646501192e-01,-2.973017355063121148e+00,-2.195667482754779964e+00,1.743863014644623899e+00,-1.434938419361848072e-01,-3.088777291732093033e+00,-1.751973195608035883e-01,3.871400652140895016e-01,1.778551130729127072e+00,2.108451405643913201e+00,9.125911254830615382e-03,4.587429938892539916e-01,-8.418372008310208710e-01,1.490676649310695767e+00,-7.792001411508733266e-01,1.058866250749298743e+00,2.582499635295993357e-01,2.600694829233101135e-01,2.488676378427123748e+00,-1.678138861847080221e-01,-2.925950123594881269e+00,1.023065748232817151e+00,-1.343639432641487552e+00,-1.452245641386190389e+00,2.823849104270600430e-01,-8.496738597065490728e-01,5.370890092712164998e-01,-5.042381183457643745e-01,-2.105950819073420632e+00,-2.769830747763762924e-01,-2.389135489858822847e+00,8.394668875068591607e-01,-4.595441974573032939e-01,7.819376486192374243e-01,1.724434660102748706e+00,-2.108210399134925250e+00,3.521850712320623966e+00,-5.026510430134558671e-01,1.968567845055736676e+00,-2.420449121153135152e+00,-4.218857964190453336e-01,2.472075523479372094e+00,2.299972582355566397e-01,6.791333134556162276e-01,2.098474467720525816e+00,5.251816220313084704e-01,1.257071573864854352e+00,-9.404688461622101592e-01,-3.911304118901905436e-01,2.471599193700625141e-01,3.120693150880044175e+00,-1.375830739384989454e-01,1.787377711674558611e+00,7.671681183571663620e-01,7.133974739300183998e-01,4.870051539445576227e-01,2.562797092921096809e+00,1.611690196897088256e+00,-4.511807964987789021e-01,2.152639457664741740e-01,3.479013724421874398e-01,-1.204200393657391677e-01,-5.985221008268766241e-01,-2.806756038653632768e+00,-4.929897746264168962e-02,-1.520501063921965601e+00,1.211049434810955949e+00,-9.821353708019563422e-01,6.187019284423256327e-01,1.458366230045234690e+00,-1.070865809183855655e+00,5.430231982863669593e+00,1.055188165417285440e+00,3.003965299654295791e+02
8.593876711036501082e-01,5.919958648645250454e-01,-2.533752565868420403e-02,-2.516275883270248759e+00,8.637103784532971229e-01,-1.135634576199537671e+00,-1.709649655474423158e+00,-5.759355656967684034e-01,8.766164620512485461e-01,-2.145232886556069918e+00,-7.117302633114627186e-01,1.719359843237821872e+00,2.311525562192602745e+00,-5.297515740507889870e-01,5.849928093753851144e-01,5.120631111816924264e-02,7.656625337598826908e-01,8.902382204728104265e-01,-5.723602377659861018e-01,-1.773548328790315765e+00,2.269998804785390512e+00,1.158117457223644342e+00,9.579654491558602381e-01,-1.758439485299540195e+00,1.565982414568680481e+00,8.076249877728035598e-01,2.580958050077531318e+00,-3.578521618997786424e-01,1.325781347190472692e+00,-1.830286424607572293e+00,-1.514179496625523536e+00,1.258059711469947217e+00,-1.801673503096835605e+00,1.382715851865695955e-01,4.128948982593295680e-01,1.534538636735811590e+00,3.707043054332393450e-01,-1.609154379579166960e+00,-3.321818056215489756e-01,1.495191641758891743e-01,-3.981715330058513413e-01,1.662015915548595402e+00,1.033374066544333836e+00,-1.857586401270971521e+00,7.097200883683654205e-01,3.744482514663125095e+00,1.222445227064564488e+00,8.893627752520196772e-01,-1.343166946548900009e+00,-1.834126318242964349e+00,1.308263616234202509e+00,1.754451396403483576e+00,-2.710668385613719256e-01,-3.160986561579068876e+00,-2.170906514401555132e+00,3.190669122383889000e+00,-1.180213998120856367e+00,-2.108379204275871110e+00,-1.215223211610114262e+00,1.352555174692007700e+00,2.341944852590114035e-01,-9.623888244521892066e-01,-3.274677732181767720e-01,-1.530838397651628657e+00,1.877176318403434907e+00,2.131820420788449466e-02,-5.005437379381383334e-01,1.574027591475072319e+00,2.672951436493792299e-01,1.321380701317264705e+00,4.020224068044387367e-01,-2.903986500746994631e-02,-1.078279002257724217e+00,6.871119537836587465e-01,1.514822595626595270e+00,2.417953745597773541e+00,2.211495544709591865e+00,1.348400461771850134e+00,5.725904648437172284e-01,-7.093358749848596156e-01,9.249022622810326721e-01,-1.154501725205521412e+00,3.448204912869858418e+00,2.474441566933583303e+00,2.958666387570116019e+00,-1.592385065607884620e+00,-2.948850804231466949e+00,-1.246283511990933457e+00,1.173973992328283700e+00,-1.527393454697834274e+00,1.131097294961165511e+00,1.539501531715065319e+00,8.245420783078095672e-01,-1.787916637483415450e+00,9.454080120760904871e-01,-2.246808949704337977e+00,-2.243904810131299943e+00,-8.036064985603970090e-01,-4.023937267414842145e-01,-2.381574063769644756e+00,3.340015572117926546e+00,5.299607734045039265e-02,2.281485830867108489e-01,2.670328232115321665e+00,-1.671897437429159528e+00,-2.528947248517648738e+00,3.183943657902620072e-02,1.978246441851282400e-01,-1.233244604515463250e+00,-1.007599052915118198e+00,2.211643126102831758e+00,1.947465013547627244e+00,-6.371549380617225200e-01,-1.254843564343246731e+00,7.213685809046619379e-01,6.550811138467160788e-01,1.230020801630788085e+00,-2.052664815608674864e+00,-4.302999097779890425e-01,-2.136278572050124280e-01,-7.223657886361628533e-01,-1.260143578062793868e+00,1.609821523385155384e+00,1.217438075788582319e+00,-1.652592635613858052e+00,2.308877981485616959e-01,1.404051484389880811e+00,8.164846499276713354e-01,-2.803513979704005177e+00,4.714528052732274155e-01,8.928943513531076848e-01,4.201253299557149989e-01,1.874347860788190046e+00,-3.589707031650994640e-02,5.903393834488592784e-01,-1.773327110771527826e+00,7.467420198849075152e-01,-3.083534344839742314e-01,-9.343480536323827135e-01,2.150615157357177731e-01,2.741208074082164270e-01,2.086267201588384523e+00,-3.274694354754785208e-01,-2.013445788775440892e+00,-9.694095334289639654e-01,1.249958392011386810e+00,-1.100827183197653492e+00,2.659731802290987157e-01,-1.004355972129447050e+00,9.277612567010961042e-01,-3.029963901094339107e-01,-2.292578567543525736e+00,3.945016984741699928e-01,-1.398146352761201916e+00,1.031774428596354598e+00,-6.453508908495282359e-01,6.598031350661417438e-01,1.703364159424867630e+00,-2.228216096878250063e+00,1.296372869337483635e+00,-1.194257649918983866e-01,1.706932936050784333e+00,-2.660138776895689450e+00,-5.035770963085255403e-01,2.453643742871383093e+00,5.342384947445193433e-01,4.121825654793413451e-01,1.572852047804953024e+00,3.076871898524860538e-01,1.777423598476787436e+00,5.850685569164582045e-01,-1.038894127434596637e+00,-9.494556243944006768e-01,2.996705754330738269e+00,1.929529756619351166e-01,2.199538464963276319e+00,1.244364621528767589e+00,1.349502468880951156e+00,4.284817621647027952e-01,2.980563099981873521e+00,1.761904414124576324e+00,-2.194803545716602411e+00,3.288382676108407843e-01,4.806624016740240202e-01,1.121085905394843957e-01,-1.287377994236896361e+00,-2.420856511514949627e+00,-3.489335275787712742e-01,-5.548250076115208707e-01,1.443244033670638249e+00,-8.652570894121831557e-01,1.154229276286768080e+00,1.273678082993094707e+00,-1.196125709363554890e+00,5.447651843598412036e+00,2.223091116220191843e+00,3.004040083322967689e+02
2.187520359767327061e-01,1.161511299225828520e+00,7.123310210393336561e-01,-2.749328975532362218e+00,9.564526589732579298e-01,-5.177012580017226195e-01,-1.176176830676511909e+00,8.675795324362757244e-01,1.385384869835025290e+00,-2.003378032309346413e+00,-2.665644460491648493e-01,1.414082819736028895e+00,2.459087778529984281e+00,-3.783470460083083742e-01,1.859966566051975745e+00,-1.414830684828094931e+00,5.812929565269598919e-01,9.668827894913922805e-01,-9.605758407816830102e-01,-2.301217045061223487e+00,2.304633893312789006e+00,1.094670210679861588e+00,3.902551641749444356e-01,-1.662764655317181539e+00,5.615141649831995041e-01,8.717479673283763386e-01,2.478005155188835129e+00,-7.750377167453972316e-01,1.315831317661788624e+00,-1.840262005971940118e+00,-1.238180564030523900e+00,1.537582113609102796e-01,-1.190469383585867069e+00,2.112280184517927595e-01,1.486461101984628774e+00,1.105513920005255502e+00,1.026163058422662200e+00,-1.009480578636872572e+00,-8.181709075485877891e-01,2.698361591954671734e+00,-1.150823908502806470e+00,9.877800520147116403e-01,6.634319777246786565e-01,-1.696318538084218286e+00,1.573454883389767911e+00,3.518509593077918662e+00,9.943644120274237608e-01,1.007667403091206726e+00,-4.333666321000095301e-01,-2.420398126053078691e+00,1.168095289809227610e+00,1.708889831052335273e+00,-2.574321349933890168e-01,-3.422774353018418481e+00,-3.183024665754687899e+00,4.773533161803324987e+00,-1.249604891016367514e+00,-1.706494115587202209e+00,-1.014564903208369229e+00,4.733705068005168437e-01,-4.258278427818216194e-01,-3.379775506683769803e-01,2.374115035022258124e-01,5.302502160655873098e-01,2.460085245669804799e+00,1.688429584237367997e+00,-1.353474746955124264e+00,2.345795587357836887e+00,-2.464119898772421657e-01,1.518540855658958133e+00,6.252945686493747157e-01,1.324355028340553631e+00,-1.321319686115955960e+00,1.646624043747068888e-01,8.392903885931446428e-01,4.223272819469614525e-01,9.490468460369132497e-01,-1.080807936270024999e-01,-1.852468078400307250e-01,-3.103177905928876656e-01,7.035982594045980809e-01,-1.258088265786063031e+00,3.670341467150827874e+00,1.879196476388897530e+00,2.574518735277271375e+00,5.061880948690014037e-01,-1.521306759252267327e+00,-8.139421929560403113e-02,8.174186941899453940e-01,-1.268893938370015073e+00,2.871397935064685214e+00,1.897231236597156645e+00,1.178059381260451399e+00,-1.956801367446045825e+00,1.041150520442478689e+00,-4.467466191779252860e+00,-1.343377867766946565e+00,-8.416077153322263360e-01,2.146443944806161186e-01,-1.758282925170773670e+00,1.414145375426639983e+00,1.828590867274411336e+00,4.154464408544090159e-01,2.332477316830142922e+00,-1.140621683784736051e+00,-2.917260283117427466e+00,-6.257438820181292494e-01,1.823150332735757440e+00,-1.368679270142088233e+00,-1.672790394953353132e+00,1.695591348010434540e+00,3.787053659412117579e+00,-6.321379672547979833e-01,-1.448672452289736734e+00,1.125114921831072756e+00,5.314904665749573542e-01,3.928838821619725086e-01,8.395416869036742558e-01,2.216745754208093722e+00,-1.216929277668863385e+00,2.532953424481314553e+00,-1.816761629880635276e+00,3.939100201670403756e+00,7.750657612782415606e-01,-3.402141500555044829e+00,7.583784630251154679e-01,1.790665497877148793e+00,7.930446251464533247e-02,-3.183307789728855752e+00,-5.400982602308294078e-01,-1.136966045417244997e+00,1.500213754617330864e+00,2.182263842276940480e+00,-2.646443806453480097e-01,-1.716378654035054963e+00,-6.491440320740259340e-01,1.047985257141287985e+00,1.248409402816035574e-01,-6.670694561415673185e-01,-2.192629391356855917e-01,-6.685658285505218235e-01,2.678965178420312565e+00,2.402098748786472837e-01,-3.207302457888956404e+00,-9.726919989492652796e-01,-1.226869912164086029e+00,-1.641397188118907113e+00,6.531380115651379548e-01,-6.543665202692510174e-01,6.067512046486016608e-01,-2.611289502655904649e-01,-2.342429217427751009e+00,-1.352686833161308999e-01,-6.988735619224257789e-01,7.939744873307411632e-01,-6.072216768440529266e-01,1.162718606765145379e+00,1.016683099989759587e+00,-1.696706084359536737e+00,3.131143104330375682e+00,1.780263530168961217e-01,5.237502729817382630e-01,-2.694267646583525355e+00,-7.790231059381408363e-02,2.709476606996641390e+00,-5.694909938584631348e-01,9.850616542731248648e-01,1.313269100613905893e+00,8.216275767251296491e-01,1.903994479201364776e+00,1.035995957096463860e+00,-1.580508664593635593e-02,-2.489269725506947362e-01,3.256587643975246582e+00,6.612316051569960829e-01,1.957749858315123603e+00,1.083468400479080662e+00,5.600871606422396232e-01,3.050148880695872089e-01,6.290776769302981464e-01,1.254252864069502760e+00,-3.394839867088197960e-01,3.043863218999817155e-01,8.820825608018729724e-01,-2.203613425512579993e-01,-9.597282481952684741e-01,-2.936056683384423049e+00,-3.460730316103607374e-01,5.006824679820687241e-01,1.184011777383224828e+00,-3.628713213306449248e-01,1.542083219797985572e-01,-1.549302262969532107e+00,-9.001299273510964261e-01,4.883878063138697101e+00,3.618476838707741283e+00,3.004723636148314085e+02
2.137146151669171712e-01,4.828185781447372760e-01,7.634093903305216866e-03,-2.693332995400306906e+00,7.033177282352172099e-01,-9.835187034592596245e-01,-1.834639660942310790e+00,-8.979942524599868192e-02,2.149323397144660142e+00,-2.198623628100564886e+00,5.065200390240298667e-02,2.220445435048075566e+00,2.705365198132934967e+00,-8.574786860294658641e-02,-6.310576637814298284e-02,-8.096491115882459288e-01,9.563766877326311810e-01,1.374683975671806779e+00,-1.028022991277867115e+00,-1.457540543710129199e+00,2.064513252984081060e+00,-1.610485592233182328e-01,1.220842085006735633e+00,-1.598530527689020042e+00,-1.781793529961697597e+00,1.341643603080054925e+00,4.759131425225601175e-01,-1.724770974890819097e-01,1.962878153013013716e+00,-2.484357929484400707e+00,-1.300065516564979484e+00,-5.056504064249452979e-01,-1.066536894325159635e+00,3.764933147558512383e-01,7.162400833928137533e-01,2.186209262879336368e+00,7.014803088918073470e-01,-1.000652303306200253e+00,-4.502407944835359888e-01,5.475236027363147295e-01,-2.116057842462766292e+00,1.560693712625762064e+00,1.153657643962172630e+00,-1.866188228139163519e+00,1.231929173200339900e+00,4.846909522442349960e+00,1.052120406412425435e+00,8.996114140913489265e-01,-1.451402590562226980e+00,-1.723772948052030074e+00,1.501879153545915724e+00,2.367941624010541535e+00,-9.371929780849558300e-01,-2.783120865062727045e+00,-2.399680337755533355e+00,4.548247508140640605e+00,1.100084233074748230e+00,3.904201319577022544e-01,-3.369899329880725602e-01,-3.437100536575411480e-01,-1.744569566195237065e-01,-6.183226883820600595e-01,3.541604694856138602e-01,3.365511401661242519e-01,1.551167891119142661e+00,8.224756776600912200e-01,-6.884723432019874689e-01,2.597582845127618612e+00,7.199027804243058881e-01,1.546726161707275393e+00,9.402244302675084597e-01,6.676192610421243234e-01,-1.102139808781900543e+00,-7.191394610904663920e-03,7.236475207364412299e-02,2.674490873108305689e+00,6.494951761033741500e-01,4.748090586422253900e-01,4.439777509168478797e-01,-1.102107722807009971e+00,-3.465420077909172059e-01,-1.167078062739481226e+00,4.089594379569650329e+00,2.067539494261295019e+00,3.314849417824901501e+00,5.688173500819547757e-01,-3.204055825338619545e+00,2.312522289597351843e-02,1.623725281368014750e+00,3.181135930379471732e-01,1.120974586169266374e+00,2.143614165400444360e+00,-5.611757931676719657e-02,-2.255006009767594577e+00,1.056226670348596519e+00,-1.781436636826500663e+00,-4.034566394647985665e-02,-4.788318949018581794e-01,3.569036745510882347e-01,-2.109024350810905446e+00,1.390895747339295774e+00,5.687803286023352944e-01,2.893609929190192886e-01,2.822349669830745977e+00,-1.247926928864976581e+00,-2.555333007977201198e+00,1.372194183821243474e+00,-2.382631947693865382e-01,-2.590382438091228146e+00,-7.702453947050668104e-01,2.778041258022046822e+00,2.958188673880826514e+00,-1.558611098270566764e+00,-1.124273277254830838e-02,4.351306256167813413e-01,9.183490643879256288e-01,7.619459492739218964e-01,6.624788448450233957e-01,1.552190930294873095e+00,-1.189146517478138487e-01,-4.495654155776458438e-01,-1.070063368830629580e+00,1.036227953750775921e+00,1.262392639769081892e+00,-2.139395970770311628e+00,2.061403555494492612e-01,7.509701326859218318e-01,-2.911147741700220726e-01,-3.350733238864492591e+00,-8.292425495127229151e-01,5.421204731200832128e-02,1.670904110283142563e+00,3.008231208214131591e+00,-7.040130984898138600e-01,1.058417373640790915e+00,-1.452837654860804184e+00,1.172430902031716737e+00,2.068978863354764552e-01,3.285553389120002832e-01,-2.289440341797616407e-01,4.242953047135458178e-01,2.817002211418453861e+00,-3.778500694315246600e-01,-2.618652179424140414e+00,-6.384596127193316040e-01,-1.462040338387863514e+00,-1.676031179342770905e+00,-3.501341282672384425e-01,-1.238169995556810843e+00,6.661088989848846786e-01,-1.032096442294881677e-01,-2.252236679899667582e+00,-5.886923563035256768e-02,-1.889892584546934318e+00,3.495811648366458968e+00,-9.354854793591710349e-01,1.537973719158842956e+00,1.146246555984894444e+00,-1.725701867846714421e+00,3.590056743824748153e+00,-5.205851182638971952e-01,2.222541754116463153e+00,-2.385270930925474264e+00,-1.478371931687450236e-01,1.796025051731376276e+00,-1.008470492660989093e+00,6.041557788253016925e-01,1.904207999752961955e+00,3.016308772633222168e-02,4.290112407489560242e-02,1.023427493811029265e+00,-6.971442961058200716e-01,-5.724491211303043281e-01,3.569328941750889328e+00,2.609853406372211193e-01,2.259024457239058759e+00,3.185697191425613251e-01,1.014349700567897195e+00,1.391547364022624356e+00,2.999837602368423894e+00,1.539076155000785429e+00,-6.605429374816547128e-01,2.752073915560480644e-01,1.589580810159703761e+00,-7.147346545336503709e-01,-1.886008533002183629e+00,-3.297693007699882273e+00,7.169364106453688379e-01,-1.830255206655357902e+00,1.958731553479654552e+00,-7.445119972821941934e-01,9.664111237807616606e-01,1.425327292509154686e+00,-1.764705042599478357e+00,4.379471176203639793e+00,2.186840463672939272e+00,3.005179517802837381e+02
-6.888886117549417598e-01,1.057486225129972368e+00,6.419297615528892775e-01,-2.913863103505204055e+00,1.110361734164262204e+00,-5.143497655318309825e-01,-1.874564732314757176e+00,9.443617549892565632e-01,1.009621752175146270e+00,-2.029264069278592153e+00,-1.116808058997992431e-01,1.829487457319594945e+00,1.933513299940799568e+00,1.125779831408253023e-01,2.428593790436903710e+00,-1.278359115881829711e+00,9.089020254031419110e-01,1.776324732648583371e+00,-1.671258318119631103e-01,-1.820290527780878076e+00,2.414590116806126563e+00,1.702917317773790851e+00,4.093541372250845134e-01,-2.016483216391949274e+00,-9.554821566210995876e-01,6.257990549641109235e-01,2.293534641692219989e+00,-6.586497503824426669e-01,1.726641774088717662e+00,-1.553752513067763186e+00,-1.788743070333258744e+00,-2.774271441909914038e-01,-1.602715320516234332e+00,4.765148802288265983e-01,1.227807483993457405e+00,8.502206109131061895e-01,1.125687904781722981e+00,-4.026371370142621808e-01,4.879491992440639359e-01,2.920937506453401777e+00,-1.201741241853016229e+00,1.590864118290130858e+00,8.380593101978031090e-01,-1.999970857263352775e+00,2.301813730449984163e-01,3.637064453120868457e+00,6.102534972460155194e-01,6.468140262476034241e-01,-1.125853472814211331e+00,-2.152385497424058602e+00,3.675149478699815675e-02,1.495930746162428493e+00,1.707266544198637326e-01,-3.308424067498462851e+00,-2.646612033306056766e+00,3.775520683941374411e+00,-3.449859413785796858e-01,-2.427792044011309880e+00,-3.123836842986048579e-01,7.459296042539946825e-01,-5.797554918370224630e-01,4.541534064725661901e-01,1.548597947506035188e+00,1.108848276544245615e-01,1.481777698252667141e+00,1.541366577078391753e+00,8.663626637647765527e-01,2.044017284544532576e+00,-3.956106317770612946e-01,1.839335553771750398e+00,1.028977656225356752e+00,1.207770893195291073e+00,-1.268330247633632224e+00,6.677872932807016326e-01,1.254452174305599188e+00,7.562747046403888174e-01,8.353772061408142324e-01,-1.722489946732067290e-01,7.403247431195589812e-01,-9.760965547721789370e-01,9.280672391884265959e-01,-8.359064104555539165e-01,3.927858527031319547e+00,1.981366014119835928e+00,1.996552122561972897e+00,-1.507454519294332718e+00,-1.734903266650587694e+00,-7.146646491346533847e-02,1.212086534385718339e+00,-9.455988575358115211e-01,8.918483634033080865e-01,1.585205001155919113e+00,4.845212079094880497e-01,-1.912059504428011536e+00,1.173125672906318862e+00,-4.317711858166558336e+00,-1.408193245741514055e+00,-6.239643449017764354e-01,-5.929027573477276825e-01,-2.612603007996565196e+00,3.724135739058756389e+00,3.416529410503668096e-01,6.493391507039574240e-01,3.035805345610635086e+00,-1.692936994056466471e+00,-1.242701986243459400e+00,-4.554989463447942089e-01,4.026062865701435234e-01,-2.130385076029418734e+00,-1.464938618957907446e+00,1.694040694756100862e+00,2.039139333742540749e+00,-1.082369064271951009e+00,-1.157375671472163470e+00,5.670634494658427505e-01,4.284816329173348759e-01,3.613112975972532226e-01,-4.764892050701476922e-01,-7.258598816822994237e-01,-5.982480979615593109e-01,-1.131987452806937355e+00,-1.708452675163458556e+00,4.628161795827434588e+00,1.195771323294440025e+00,-3.198335476968937385e+00,8.122443674042645334e-01,1.994399124513473121e+00,-4.164154704565650733e-01,-2.900079517586187539e+00,-6.062857420016349863e-01,1.662302854461849277e-01,1.672221669001629607e+00,2.087088334590678773e+00,-1.695924199336970306e-01,-1.746499791788972411e+00,-1.701939333482770156e+00,1.226220143254377337e+00,-3.897598000623109793e-01,5.879966812565564638e-01,-4.006470784314261624e-01,-3.143972547623686831e-01,2.946478684211485177e+00,1.361886994337072054e-01,-9.907560140561231243e-01,1.011500620100560965e+00,-1.220698778905941140e+00,-1.578198128898412822e+00,5.713245371148877316e-01,-8.255855528837395818e-01,1.170455821268239438e+00,-1.952487855465626088e-01,-2.454558719666303901e+00,-7.516286045517737158e-01,-2.311283220942241368e+00,9.000042372437324634e-01,-2.961244992517704233e-01,7.915963125362754926e-01,2.102565290596162484e+00,-1.719577483317621169e+00,3.589653151081337423e+00,-4.417355534110740667e-01,1.813649633793584570e+00,-2.369468543977833352e+00,-1.778209587243315681e-01,2.443526468554845010e+00,-5.202833883427846473e-01,7.355778738583289567e-01,8.853716006379943604e-01,1.251459655085595535e-01,1.232602735585705878e+00,-9.055775490668824812e-01,-2.365274541382152429e-01,1.505009973794730060e-01,2.919759172451413587e+00,-4.868277952254340679e-02,2.273074178050180194e+00,8.329504151086311037e-01,9.793978234510373193e-01,2.417837267518971323e-01,1.473410281600395222e-01,1.568092995332931450e+00,2.138812490499641950e-01,-3.358561804860424327e-03,6.234951333203022639e-01,3.496687156534185048e-01,-4.353095288911386640e-01,-2.663806066160555375e+00,-1.293266715508993636e+00,-1.276679076303455895e+00,1.219204907934674065e+00,-1.142362683793853195e+00,1.446837697414353530e+00,1.091174255970446483e+00,-1.230865666656821622e+00,4.686583335310540832e+00,1.160295769830959722e+00,3.006007814462334409e+02
6.235968603925592380e-01,5.332808959547709060e-01,7.840092291110358769e-01,-3.116661150391187629e+00,1.299408508341464152e+00,-1.094944072283413172e+00,-2.144219099269553563e+00,1.491106367074642725e-01,2.073369351284568118e+00,-1.156630601080294918e+00,-1.162541761726790801e+00,1.730175222214331843e+00,3.209941557851927474e+00,-8.100152773284814423e-01,1.228237396423872418e-01,-6.327135179260996445e-01,7.830963218680123683e-01,1.255450089496611188e+00,-1.233863364019217590e+00,-2.762314945548546063e+00,2.024257868348698253e+00,1.607669309450523998e-02,1.389446358992243891e+00,-3.308677014257928040e-01,-1.602257127045608742e+00,6.312643406851310424e-01,2.825327063040786957e+00,-4.419842394104198796e-02,1.670480355912954185e+00,-1.743357423237491766e+00,-6.610311462051630116e-01,-1.338842140118629842e-01,-1.307640240723503267e+00,1.038114738246460889e-02,1.274320727555834365e-01,2.140148796184676350e+00,6.375455077940123116e-01,-1.161128337847267877e+00,-8.516942843748853686e-01,6.102499033172753551e-01,-1.538533082711686761e+00,1.728478217398048411e+00,9.883833370447723254e-01,-1.723620882167704593e+00,8.378669421300020126e-01,5.014693683588395956e+00,9.218749018879421886e-01,9.283110517798548456e-01,-1.375197259733533128e+00,-1.822943522655111614e+00,1.708232384731319886e+00,1.925269250738340876e+00,-2.419936729016110899e+00,-3.684195699705160365e+00,-3.177267497613260883e+00,4.609921583144656942e+00,1.032088806986474427e+00,-1.002690955298191300e+00,-6.669741286069206243e-01,-5.728505509959229691e-01,-8.523792274881780706e-01,-9.264476737782574300e-01,1.211856603046618908e+00,1.696323744232788866e-02,1.869231142769920861e+00,1.043073805854708214e+00,-4.246740970835884421e-01,2.559138548924210887e+00,1.511670587875195482e+00,1.452116073402528240e+00,-2.218218570896464126e-01,1.254845409700672487e+00,-1.228230281907653820e+00,3.961181174421807283e-02,2.634315319735632821e-01,2.714218001605211761e+00,1.567244885771458263e-01,-2.123813595770747575e+00,3.746367242359709415e-01,-1.364860705201175417e+00,-4.466564892010042587e-01,-9.186223400541797535e-01,3.843565748116676950e+00,2.017188093410721361e+00,2.551764172013460286e+00,-1.681807744332137089e+00,-3.269715059381607336e+00,-7.487227139156216182e-01,2.001532333733554214e+00,-1.586931256767945220e+00,1.181354085122451991e+00,1.912287071367643199e+00,1.972498997041341740e-01,-1.834709744479811500e+00,-1.529714614847052179e+00,-2.145160107183434306e+00,4.420340832390686758e-01,-1.708540579749793786e-01,-5.365442172540395571e-01,-1.821269368222467877e+00,3.350001873268204644e-01,2.658045038899724544e-01,1.423790017278439568e-01,2.817650585271293195e+00,-1.492037908244868927e+00,-2.670935060583455645e+00,1.715235583170671374e+00,-3.945219792710948914e-01,-2.155785726210915243e+00,-4.232350535822186344e-01,2.883505897898515080e+00,2.526941783666446728e+00,-1.814381302317063405e+00,-1.400200915592721140e-01,4.929059866520666411e-01,1.194253439505394976e+00,1.588170597145140084e+00,7.373642997199081339e-01,2.408852259169338872e+00,-1.596476308874786032e-01,2.159283120606847906e+00,-8.396055671152099498e-01,7.976347063016820949e-01,1.223632628944909539e+00,-2.089177621263818452e+00,-2.212150221261241168e+00,1.748827715112084152e-02,-3.490856611869828097e-01,-3.186583181216298133e+00,-1.004190603260601833e+00,5.529251138869701876e-01,1.438822314044696515e+00,3.649418819358332566e+00,5.901476589310741261e-01,-1.663940301203984840e+00,-1.330470073467550973e+00,1.308080503882968371e+00,-1.259390229901624636e-03,2.047862637884852455e-01,6.118532975286916642e-03,-1.137353899802464152e+00,3.229459326621167303e+00,-1.563130313376991931e-01,-1.599884469702043788e+00,-8.192947568210725562e-01,-1.479769551206154388e+00,-1.617940740834979518e+00,7.255029589251031918e-01,-2.879435855683801226e-01,7.241244362109550137e-01,-2.012040841446538220e-01,-2.489478426653513932e+00,-2.086454953623186059e-01,-1.713759380171232305e+00,1.832572657747025380e+00,-1.286732796329948636e+00,7.332818460378252023e-01,1.107666415326228782e+00,-3.372331092351505522e+00,3.332968775775785097e+00,-7.403361325961227424e-01,1.946624662931859318e+00,-2.339969684343364609e+00,-2.900720468172235944e-01,2.100152473054323732e+00,7.215704540733985928e-01,1.079178581603102982e+00,1.091156478439075928e+00,7.087971523649267969e-01,1.436633189441002045e+00,1.047712890398376784e+00,-7.633900485849846040e-01,1.133667530699571935e-01,3.533639516066258146e+00,3.600548874004638744e-02,2.363547022988631507e+00,3.547430523338773178e-01,5.695040347364656030e-01,4.178923076601385178e-01,3.280934822410421781e+00,1.795211539957410007e+00,-6.925540380485389891e-02,1.601879130931777306e-01,5.910328860570238652e-01,-6.133474627325208317e-01,-2.251020869527690316e+00,-2.751246557757974109e+00,7.014633657843346581e-01,-1.621245622229034122e+00,1.862431806842183457e+00,-1.828567845576943851e+00,1.295457632531237691e+00,1.114975242812081158e+00,-9.721042666773812568e-01,4.317112823168773872e+00,1.495930861704541925e+00,3.006073234483518490e+02
7.153642005731626619e-02,6.094684884486460952e-01,1.813038660612897035e-01,-2.941411102362998964e+00,8.192085529817444423e-01,-7.883934910285942399e-01,-1.631026211774721402e+00,-3.217677745889617746e-01,2.014877182235102371e+00,-1.881448837144647612e+00,-1.267076715122486541e-01,1.429197958216494868e+00,1.832283409853989964e+00,-3.696779812780968122e-01,2.551257187952809868e+00,-1.508212222460217466e+00,-1.221945933855791200e+00,1.430323823677436268e+00,-1.087440094495611687e-01,-2.120920125407727674e+00,1.790873319221151672e+00,3.331978964710961000e-01,-8.641251129788422858e-02,4.121936524679623015e-02,6.894852677800650254e-01,4.444928292014114768e-01,2.411611042712715314e+00,-2.025079554090182810e-01,1.858752164747246916e+00,-1.858719238540716079e+00,-1.076382875664408711e+00,1.539280810754323769e-01,-2.033186993781574969e+00,-9.403674526446303972e-02,1.545519747670820676e+00,7.913130777625270174e-01,4.475194836944647592e-01,-9.352297327148979544e-01,-4.284485812713903496e-02,1.001537490008886477e+00,-1.189421603440226960e+00,1.154130790094217929e+00,1.291510072062904468e+00,-1.610390240688884145e+00,7.583898955950341136e-01,3.827340109220609854e+00,8.034976863844645045e-01,6.592378849528670592e-01,-1.243872800818415447e+00,-2.302812934738272865e+00,1.104301977135114354e+00,1.666706055290430033e+00,-4.731147504421309713e-01,-3.254979460450496020e+00,-2.870695016648160180e+00,4.399813799642972256e+00,7.585260432452983759e-01,-1.788375525357030149e+00,-4.207900640697779804e-01,-1.913257610751165350e-01,-4.576749011823528779e-01,-7.104635371992398252e-01,1.706593606203131053e+00,1.668261573330478698e-01,2.240583852652926033e+00,1.721696441890413931e+00,-2.718566954356180787e-01,2.933204528400135569e+00,3.576570026057684371e-01,9.197657532173927342e-01,6.729125490163477830e-01,1.224211805866313396e+00,-1.150602512748924111e+00,3.823417601335730720e-01,5.980179933101097411e-01,4.796499458321082932e-01,8.412301880997796744e-02,-5.243766095194776766e-02,6.508998023782145426e-01,-1.075568241736106323e+00,-2.703700835488065390e-01,-5.556129427073087657e-01,4.164037219793971012e+00,2.704180068965011507e+00,2.279251802085971779e+00,-1.440686562129016135e+00,-1.016781566403204051e+00,-2.087299420900499275e-02,1.112737262288674867e+00,-9.102119574198717089e-01,2.872031977743200848e+00,1.997146554094353821e+00,6.319676989146376656e-01,-2.017579122965342808e+00,-1.894382802944620359e+00,-4.325508747417496025e+00,-2.166307799454460614e+00,-9.468810025863042545e-01,-5.901116347939726614e-01,-2.208504758158779779e+00,2.925729509337997580e+00,2.439979019998010923e+00,-1.090590346418217477e-01,2.965157883034334585e+00,-1.710798475616621905e+00,-2.276662060846311064e+00,1.742612972155577644e+00,2.388800373646824127e-01,-1.320672677203298173e+00,-1.011458741880048029e+00,2.324298976686354656e+00,2.969148646341403630e+00,-6.543397548164147093e-01,-9.860735156594188089e-01,1.500364379796839343e+00,-4.096279067787992334e-01,6.980429297267795041e-01,1.007716993379633053e+00,-5.995582091322024798e-01,-5.126763477020511717e-01,-1.061914367051908004e+00,-1.120637269899693811e+00,4.595702034953569104e+00,1.023209847492789759e+00,-1.709797569283626917e+00,7.072877584846258558e-02,1.901768764626423858e+00,-4.931320169589132885e-01,-3.413877630963323639e+00,-6.894230474032623235e-01,3.055278141041628537e-01,1.804130637855097863e+00,1.182793190414626050e+00,-1.306133296286780876e+00,6.659732621653310369e-01,-7.397452441397536216e-01,1.744556564352146122e+00,2.622343791551908776e-01,1.125804109890762739e+00,-2.612785312740932286e-01,-1.224544955394430146e-01,2.719052980452550283e+00,8.320713196234540143e-02,-2.282723145466796666e+00,-2.710012291004688101e-01,-1.252458857311090856e+00,-8.693657986466816201e-01,7.586783005954658154e-01,-5.211217975297479654e-01,1.000700138802089301e+00,-7.809280901835203847e-01,-2.676216263226927961e+00,-5.938232441877435708e-01,-2.698839749921214892e+00,1.459773826610659020e+00,1.817106943586504486e-01,8.188305960976561826e-01,1.701310291704323241e+00,-3.015566651021834410e+00,3.842675622161292104e+00,-1.135980765566877881e+00,1.492613495873452711e+00,-2.405831960102958522e+00,-1.074976339684144133e-01,2.666979898370835045e+00,-8.698541090344347193e-01,1.054309429465640102e+00,7.937439611794272487e-01,3.271943838706845020e-01,1.627339458774049952e+00,7.150490894736208358e-02,-4.434829228625902231e-01,-8.435331102062835207e-01,2.418014004979722298e+00,-1.206325409467359222e-01,2.061790476530377170e+00,6.386825639647268904e-01,7.304818553781652346e-01,8.617643758300136403e-02,3.035171798355668749e+00,3.721303627818564053e-01,-8.477072931960027979e-01,-7.447912720717002333e-02,6.892886320938464983e-01,8.755427308516414153e-02,-1.672192003490857504e+00,-2.575440967816586380e+00,-1.319803893724874388e+00,-7.823287871954903716e-01,1.015206404088831560e+00,-1.327525209106163340e+00,1.254098457548130430e+00,7.630129688889180084e-01,-1.067500264688253653e+00,5.373568707188195681e+00,2.823664803020408343e+00,3.006549669227559889e+02
5.589291509364042732e-01,9.080031478464857253e-01,-4.569117351523407367e-01,-2.402164768079194879e+00,7.900980529201105940e-01,-9.042999736329117022e-01,-1.890602580091897522e+00,3.871632652331595537e-02,1.061394169331303150e+00,-6.306364752072888269e-01,-1.144807041716060736e+00,1.814580693516840038e+00,2.772025434299726587e+00,-6.046898361203825734e-02,-8.007989568510266720e-02,-5.348279875258610261e-01,-1.153081676142894807e+00,1.197662851306688481e+00,-9.936377982336830339e-01,-5.672095583301385302e-01,2.947274846973832574e+00,-3.756706625671343142e-02,1.259436691538311281e+00,-1.619522325841744825e+00,1.708731566740730790e+00,1.098796181261090465e+00,2.660132851047046110e+00,1.727198511340079512e-01,1.993743701721118144e+00,-2.817655810381579862e+00,-1.377081038123259660e+00,-4.930893525404296818e-01,-1.343030234978204840e+00,-3.426415717889464557e-02,4.556954008607010109e-02,2.319840583647540200e+00,7.284104224850454501e-02,-1.183216026238420371e+00,-3.372092938380983340e-01,7.201072906909277149e-01,-2.021948666945789785e+00,1.350162390276294699e+00,2.309718865183207015e+00,-1.738454280358564086e+00,1.263781577996803129e+00,4.860413389602267209e+00,2.565107652291731977e-03,8.025751122646455071e-01,-2.108150140296996433e+00,-1.905717319877694660e+00,1.321179959099136436e+00,2.293324496257865164e+00,-2.775436465395885732e-01,-3.264141078845755661e+00,-2.497192562186803411e+00,4.740775839576258477e+00,8.164795560180639900e-01,-1.992923997906609568e+00,-4.439551197292640472e-01,-6.517317499106372036e-01,-5.692690144361775006e-01,-6.044427681544854991e-01,1.183891898890741534e-01,3.201740516666623515e-01,1.384178439573784392e+00,1.700611699541366040e+00,1.348370793237584631e-01,2.163664048149456676e+00,-5.847904206825170759e-01,1.810848474775994088e+00,-1.801860558185295558e+00,1.183844311041929442e+00,-2.732845859523098109e-01,6.000573449721317842e-03,3.440709659168472712e-01,5.436307114845291277e-01,5.276215817482593495e-01,4.484229882914767540e-01,8.758855586451910202e-01,-1.205060646215504683e+00,-4.048141897665334943e-01,-1.414495457055058525e+00,3.423398870424668061e+00,1.935219734538474068e+00,2.608535528130353054e+00,-1.849877131437741129e+00,-1.534988596648052761e+00,-8.910535707878564082e-01,7.920758786367273485e-01,4.642931390280736204e-01,9.426358224673431208e-01,1.792940219484825626e+00,9.698555943440670402e-02,-2.106465880470492547e+00,-1.600385302688165590e+00,-4.275464174534807427e+00,-1.200037704934117766e+00,-1.021044441563612626e+00,-2.576118366887910627e-01,-2.634272438571431341e+00,4.610486818010164356e-01,3.698518801667866618e-01,4.774915364409763052e-01,2.371142517208962630e+00,-1.190719563958094529e+00,-1.407743708154651108e+00,-3.321928714428941110e-01,-4.200291465199456620e-01,-2.546339665910526406e+00,-1.418547397869614368e+00,2.072123936049867332e+00,2.969993170494227730e+00,-9.711725948111176177e-01,1.589785446622072440e+00,9.176758875987297559e-01,8.905059498663219220e-01,1.343370896169721940e+00,8.880131598967618833e-01,2.002343935626760718e+00,-3.250123454002737389e-01,-1.566129847936465758e-01,-1.788232540661302217e+00,4.351227754651666224e+00,1.075479659001458144e+00,-2.037234346832756504e+00,-2.086592630875557131e+00,7.406790160203633455e-01,-5.104657861285332165e-01,-2.975436639744985179e+00,-3.730841619965161726e-01,4.326151056456629118e-01,1.827854126653672084e+00,3.424277979141946648e+00,7.195411281200034814e-01,-1.461210590055822767e+00,5.780287494429017237e-01,9.019593518935485887e-01,-4.534983052733335823e-02,4.344717636064287514e-01,8.405544225991222473e-02,-9.264210151394849380e-01,3.172767786388732247e+00,-1.413101564026175705e-01,-2.891869943639883811e+00,-1.037546083801140107e+00,9.602300166299803097e-01,-1.683012803675028479e+00,6.068368864467298396e-01,-6.191986375700075929e-01,7.252418172228860538e-01,-6.082151309404143502e-02,-2.583615263869974754e+00,-3.080248408808987093e-01,-1.269074470703539959e+00,1.869596462408031456e+00,-5.586538916249803033e-02,5.338988977978803563e-01,1.595020798587876376e+00,-1.716047760605722505e+00,3.615630387860318873e+00,7.924807260768172990e-01,1.877914656215204037e+00,-2.362729415698082924e+00,-5.293810892443170935e-02,1.922062509612884051e+00,5.065838067870517269e-01,9.981131191436579675e-01,1.516135541879424453e+00,5.160680830804973418e-01,1.975289436030874146e+00,8.848702893532131922e-03,-7.883182733147330312e-01,-5.972206446456994611e-01,2.928849151461369260e+00,1.735311425238328653e-01,2.081110645840765994e+00,5.195552530867244556e-01,5.969392222457521324e-01,6.236545738977894437e-01,3.261856080971904603e+00,-2.392037288386722471e-02,-6.486533099078042319e-01,3.715832423133587636e-01,4.631487074428069506e-01,2.705389393451150259e-01,-1.926363984492715620e+00,-2.684612204588641138e+00,7.657484489141143102e-01,-1.672850440803205885e+00,1.872471615052194949e+00,-6.250847697728287855e-01,9.255437497947637260e-01,1.519572428806506226e+00,-1.389873891821612029e+00,5.402851982705651146e+00,2.997531773689277035e+00,3.006814488490310850e+02
-6.551772479739569333e-01,4.708629807449481453e-01,3.355990641177292871e-02,-2.392749565870570638e+00,1.117296135407408020e+00,1.969852611690435240e-01,-1.740697180877006645e+00,-1.048367358868316224e-01,1.153521051388913143e+00,-4.276445255824295466e-01,-3.123606711091903021e-01,1.806796756766153589e+00,2.242257891660635494e+00,-4.463317966938653569e-01,2.264064162346973053e+00,-1.439172286257031641e-02,-1.335849633157360383e+00,9.306259426357689213e-01,-4.208107850561311203e-01,-2.399979403249725252e+00,2.876176595360613764e+00,-2.572822240735530008e-01,3.552110563491481798e-01,-2.134579157941752570e+00,1.870558966441328685e+00,9.519389737824334174e-01,1.938243584493154703e+00,-2.817859320282912750e-01,1.576502920286872778e+00,-1.544875370162388739e+00,-1.217443398164068435e+00,-1.264994000188321421e-02,-1.894388942659441355e+00,-3.527509620326246820e-03,8.712702040645817769e-01,1.177882116880741625e+00,6.619881243788634517e-01,-5.742205027266292783e-01,-9.954304539870961754e-01,5.190829944377769456e-01,-1.952347749228463325e+00,1.230701620774993676e+00,1.100050265051000231e-01,-1.594023630053758245e+00,-2.281694606682992954e-01,3.376513112390083560e+00,2.097145356940935679e-01,-4.709793642944763714e-03,-6.791129490083860354e-01,-1.940682505059537766e+00,1.292965140058609075e+00,2.200121410445330383e+00,-8.919961616941358973e-02,-3.408283075581733712e+00,-3.055445279129594738e+00,4.546074013130998459e+00,7.609728474105059703e-01,-1.991043883929193070e+00,-9.878991428141752351e-01,1.274823815561643370e+00,3.974645296389048288e-01,-4.539815198698554100e-01,2.614879080585511550e-01,-1.182822468968428575e+00,1.632221575985599360e+00,1.610028244323805424e+00,1.000969833925703156e+00,2.330529240629682697e+00,-6.183533285497465615e-01,1.056294796993578533e+00,1.727641551385032670e-01,1.289482235090324114e+00,-2.521704600335011870e-01,5.712653556197214710e-01,9.792109882951010036e-01,5.454235175779255096e-01,5.693989660140812425e-01,9.054349993679484676e-01,1.089325662136335859e+00,-1.410365977506825796e+00,-3.651234279024684337e-01,-1.078752491367411803e+00,4.259453733742661008e+00,4.361687101747263595e-01,2.389741176639017528e+00,-1.977342545174482602e+00,-2.797129964858632079e+00,-3.126958840065763301e-01,2.227517592036060368e+00,-1.017670513453993619e+00,2.122203044534087812e-01,1.886877713115546973e+00,1.884102919457547043e-01,-2.052748493017777509e+00,-1.652254815204005967e+00,-4.234186746225353737e+00,-1.281643129584954854e+00,-9.093367186907652666e-01,-2.529335658303690781e-01,-2.514727960242867599e+00,3.468526235122361356e+00,1.900377530742158427e+00,5.715373895125615000e-01,2.462420380580359947e+00,-1.679410424875461327e+00,-1.355149516367066376e+00,1.325328706390062061e+00,1.979296050472176272e-01,-2.506517112121938062e+00,-1.402681082688830294e+00,2.097632753686191620e+00,2.719841057574046150e+00,-7.213717617348791578e-01,2.354280254084316348e-02,7.443009329947024577e-01,1.755217462972183950e-01,1.194346390980066008e+00,9.301531813611375599e-01,-3.612285255125997629e-01,-5.057348115603008676e-01,2.195266160206351902e+00,-1.893411653560128194e+00,4.449829541156148593e+00,1.284730829873242719e+00,-3.396326350337499633e+00,-1.883799841698149180e+00,-1.359589694910048607e-01,2.926519222308961860e-02,-3.010136608786218915e+00,-4.741716199436202261e-01,6.395190088764106662e-01,1.818233978479544932e+00,1.727840230714608794e+00,-1.359369648850332624e+00,-1.527997275942000632e+00,-1.197349132507637082e+00,8.893521404077849857e-01,2.484196162609382530e-02,-9.233155475608388896e-01,-1.741121150088105474e-02,9.674489054771510110e-01,2.714352483096582169e+00,4.971733128419497660e-01,-3.247689259251945515e+00,-1.101584629603870935e+00,-1.385605644855442353e+00,-1.327129246118929240e+00,4.605656702052017271e-01,-4.964868409542301242e-01,8.544446160549252767e-01,-1.814882083723411421e-01,-1.552370697080108997e+00,-3.022173871788888522e-01,-1.762447301723117032e+00,1.717607286065587102e+00,-2.728323818217680552e-01,8.563367502470475845e-01,1.640554600844084998e+00,-1.929213430129465001e+00,3.146382491386837899e+00,7.930023697871075861e-01,1.087502835185675920e+00,-2.860040089705849553e+00,-3.318782112269528239e-01,2.826081166480471474e+00,4.702589787458163473e-01,6.121182769255729683e-01,1.688128974536141857e+00,-1.505117334738146073e-01,-2.158308865746718652e-01,2.893783979926069228e-02,-7.063870017207377616e-01,-1.136758200188108109e-01,2.570035323909412028e+00,-4.164051311070492423e-01,2.126987773520237823e+00,-1.971006535113292713e-01,4.148629895244925203e-01,5.282186848743543051e-01,2.918998203945957215e+00,1.402773211329382042e+00,-1.063885263188404595e+00,7.750060493469980161e-01,6.403325067319797226e-01,5.379604081061703513e-02,-8.874028929173373159e-01,-2.806104741250897927e+00,-3.069484877592874028e-01,-1.281124034368152698e+00,8.127234274483557952e-01,-7.057766757511355626e-01,6.441932186928014392e-01,7.051366356753744347e-01,-1.376601998836571195e+00,5.322419088109857199e+00,2.259603137412349305e+00,3.010744491089306507e+02
-1.670478629342793953e-01,6.781327951693665312e-01,8.210498748881515096e-01,-2.655796870141419408e+00,1.081668741014726987e+00,5.622869206502011385e-01,-1.678412328755064964e+00,-3.743389166597416162e-03,2.059047023806150012e+00,-4.808328269479815731e-01,-3.453799852053041075e-01,1.302471341635982993e+00,2.261863211116402983e+00,-5.600320990507035024e-01,-5.179233511192219419e-01,6.050687960267882026e-01,8.741129579297527430e-01,1.255957932344025973e+00,-9.823635587162878879e-01,-2.181431845203050557e+00,2.190386218363417292e+00,2.564622550261485556e-01,1.474469186093246176e+00,6.611088676786865126e-02,2.240726534210812915e+00,1.284148616444373614e+00,2.829125544367428802e+00,5.428267239046416504e-02,2.546663636174356871e+00,-2.162672750860377580e+00,-9.741103002997979488e-01,1.610635849893451432e-01,-1.625822338951336210e+00,2.555025016127627779e-01,1.077389816246364873e+00,1.586249183139056385e+00,9.505190707229356217e-01,-1.442804882616183892e+00,-1.120429636822815322e-01,2.543557837299472268e+00,-2.568294082744894347e+00,5.924254053327887570e-01,1.489094980032002358e+00,-1.865421057217540257e+00,1.186601454744002915e+00,4.852982113046125257e+00,1.120249095461468558e+00,9.890595215732491674e-01,-9.357760383324134068e-01,-1.819753842550726253e+00,1.872533787958473139e+00,1.995445357060569469e+00,-1.918018064683959079e+00,-3.187644142585980944e+00,-2.877435318319661928e+00,4.561739287462218684e+00,9.247079999658021077e-01,-7.044614867926528579e-01,-2.145085701316077120e+00,1.093214419345202693e+00,-1.568156324175252969e+00,-5.153242148688823576e-01,-4.737880641781516688e-03,1.640105214239545861e-01,1.214862461369532465e+00,1.086789434360217577e+00,-1.533166949138416113e+00,2.376215632817892942e+00,9.533344559914534999e-01,1.209467285423530880e+00,-2.229172818935933442e+00,1.611866294904985564e+00,-1.270693873187191514e+00,5.112670617138006524e-01,1.407264353541353152e-01,5.480225953672216432e-01,4.567855472199432998e-01,2.885468255679645155e-01,5.616917656386766211e-01,-6.855917349849990350e-01,1.115634681525231153e+00,-9.627122042790012824e-01,4.074640930348264689e+00,2.464858606652629014e+00,3.194016270509854483e+00,-1.860757304064668105e+00,-9.613423686855450123e-01,-1.401543098989423530e+00,1.715817902158798702e+00,7.039880941723078989e-01,2.826362023475390117e+00,1.966232160540298590e+00,6.210934287310202473e-01,-2.389139797777483754e+00,2.309590989981338272e-01,-4.814126923067497010e+00,-1.483804350838072939e+00,-4.547152310718270973e-01,5.079132675013151021e-02,-1.619256460187627811e+00,2.797958899953730594e+00,3.570589730168535758e-01,2.889749055527832122e-01,2.821497734996182505e+00,-1.881057047513628122e+00,-2.436035438907385053e+00,1.271805180724828510e+00,-3.660125928917313254e-01,-1.681063137096349136e+00,-1.041172585406473727e+00,2.159172437799317557e+00,2.325137778292052815e+00,-6.479031756432529487e-01,-1.334248223620045026e+00,6.873106037572310201e-03,1.218355745936853474e+00,8.344535179001405512e-01,-2.865121095427209053e+00,1.504181766111272855e+00,-6.252926631929061063e-01,-3.951590459270967748e-01,-1.704712273012076951e+00,9.661386040713602075e-01,1.276965551133448340e+00,-3.583196561961799809e+00,2.805700274657657034e-01,2.818034438741042202e-01,-2.617111063171005947e-01,-3.382736288168714633e+00,3.226354332285309712e-02,3.099953741098362414e-01,1.238528894169065975e+00,2.243706971561393981e+00,-1.168556823872552775e+00,7.258748032249809912e-01,-1.232347474012367300e-01,1.377347151651612922e+00,-4.478893559217650422e-01,5.302338199704170751e-01,-3.583577590553574943e-01,-2.905493744103735954e-01,2.593420405862624012e+00,-2.238053287382270051e-01,-5.791634213703126255e-01,-8.687384512459056518e-01,-1.100599174366823085e+00,-1.538475471745257561e+00,-3.462337483056435739e-01,-3.204957192665117138e-01,3.060478714358116914e-01,-1.979461371199495445e-01,-1.300589518351369822e+00,7.915970001280794865e-02,-1.274659100354118557e+00,1.231787988764748043e+00,-1.683067306571330024e-02,1.944221718330693793e+00,1.811590444791340904e+00,-2.170973964295928038e+00,3.267842705086818622e+00,7.936374531623744399e-01,8.028154917876314522e-01,-2.367568047373065365e+00,2.719621026940171049e-01,2.293313331065704563e+00,6.177491966619241825e-01,5.826379070379960057e-01,1.575172234660472848e+00,-2.329776345855311681e-01,1.959688351770972892e+00,1.423630425388335285e-01,-7.916596772586139696e-01,-6.083941455130221776e-01,3.673288933133925127e+00,6.916417195719640754e-01,2.342748764553420848e+00,5.760130756902204219e-01,6.132440249303563462e-01,1.935086476421390977e-02,3.273436598235712314e+00,1.920098114209659812e+00,-7.052327193354043233e-01,6.104245301726121120e-01,1.366413730387402659e+00,-9.167625749324168072e-02,-1.025732654611716033e+00,-3.313975362245540346e+00,4.614738664182689853e-01,-1.553177829651541719e+00,1.325879108322472355e+00,-1.222039959399152664e+00,3.166409034642678755e-01,-1.393243520021643533e+00,-1.399545809740124547e+00,5.217512189439516668e+00,2.043348333580078169e+00,3.011177971644549416e+02
-1.241035255287980393e-01,1.069663965731852295e+00,1.408835086516075363e-01,-2.467699710427607052e+00,1.156825603668770741e+00,-3.549282593685357257e-01,-1.539535322870436262e+00,9.160919787775995138e-02,2.006392114359875745e+00,-6.551659564243285105e-01,-3.806801382534378275e-01,1.488289999035874223e+00,2.270691482171441677e+00,-6.454907547148335256e-01,5.998196845821064382e-01,3.234935154294727444e-01,3.690088406153863021e-01,1.691456980127890919e+00,-9.000790833812747360e-01,-2.131343470781388305e+00,1.988407489201618583e+00,2.401650117323779754e-01,1.001222356997123031e+00,-1.026126702033124394e+00,9.451378623370386700e-01,9.731395267835631913e-01,2.644341952822598429e+00,-5.865389224009036617e-01,1.652008365430163606e+00,-1.607567343423540462e+00,-1.145183053124574801e+00,-1.775827871045341788e-01,-1.591173294505555447e+00,3.952234682155969514e-01,8.097889288122455120e-01,1.126930794141601577e+00,5.669478068959792338e-01,-1.290364209762057346e+00,-1.422705565917462556e-01,2.505085834555091928e+00,-1.504299104971298373e+00,1.378600656113124323e+00,1.263829803533295548e+00,-1.741215247384617415e+00,1.726455737788117339e+00,5.034423330975716482e+00,9.319357422650782485e-01,1.213917408691096433e+00,-6.944646789972130918e-01,-1.838367665065266277e+00,1.290742001109425052e+00,2.072939793786613638e+00,-2.004442842847429240e+00,-3.405182803267524427e+00,-2.876368956221581286e+00,4.575995376200686415e+00,7.838505640474828784e-01,-4.002703434117439452e-01,-7.751597749556723427e-01,1.069965242536070171e+00,-2.423468371564042878e-01,-5.638359789257146870e-02,1.386744084508312991e+00,-6.615652562902247791e-01,2.121488778695912902e+00,1.687314918063255398e+00,-1.217355844312033364e+00,2.398559913547010591e+00,-1.073739741125337765e+00,1.112374785922549458e+00,2.419607924041298763e-01,1.785361344471788847e+00,-1.235516881604463935e+00,3.299826419570380254e-01,1.064097023644972273e+00,3.895407576395657490e-01,7.610403627034793006e-01,-2.523941494840576394e-01,-3.880245316254423704e-01,-3.344668307321403411e-01,2.688184596497030232e-01,-1.195686026485859310e+00,3.392878672152669139e+00,2.569381136998112769e+00,1.983269302203186202e+00,3.928814644069519857e-01,-1.294626830428621922e+00,-1.264986354914333644e-01,1.611676649606103684e+00,-1.319786768844049885e+00,3.123002166804592417e+00,1.825317926981086858e+00,1.065159377065886925e+00,-1.679668433091436208e+00,1.034308173791062879e+00,-4.772938722420219548e+00,-1.448957649685304938e+00,-4.757200858388561659e-01,-5.028449499057562333e-01,-2.511855318600018538e+00,2.802986532679292431e+00,1.790391838392186630e+00,3.710399446752652430e-01,2.870850481091930195e+00,-2.529809804693221142e+00,-2.177249766614560933e+00,-6.654490579875639300e-01,-1.818256407525399576e-01,-1.272868324307731447e+00,-1.630993215099648230e+00,2.238816758061770162e+00,3.058315366202455365e+00,-8.398239835071873438e-01,-9.302102102416264229e-01,-4.489638206155529415e-02,4.873987202517303663e-01,4.344182639056088369e-01,1.434349393217940749e+00,1.541132619631316647e+00,-8.576575357026123836e-01,-4.791018741300951400e-01,-1.473885954446899182e+00,6.158434226714903925e-01,1.536751828812720655e+00,-2.327710899083314633e+00,1.127344793295873560e-01,1.791415967722809643e+00,6.201104254223612777e-01,-3.572598391252231664e+00,-7.383019847761078669e-01,2.489543327205890610e-01,6.692856888175104935e-01,2.219753317405005255e+00,-3.074051898063699939e-01,-1.666764068159312773e+00,-5.230794220391702387e-01,1.143088143809249058e+00,-5.412899546026710418e-01,7.136496595634227447e-01,1.213105036630437727e-01,8.079689990274935285e-02,2.682331608522384947e+00,3.784900054205327380e-01,-2.893903237984952526e+00,1.103335075663466558e+00,-1.019182306616676303e+00,-1.779883575614338076e+00,7.673511954408883673e-01,-6.212198816089194997e-01,5.332977943846683999e-01,-1.713516486613812506e-01,-1.605657923226730954e+00,-3.679171586461443821e-01,-1.006755659649546608e+00,1.073883642091477464e+00,-5.314195722657721888e-01,1.502020080850666517e+00,1.033559101811834413e+00,-1.914326115856870070e+00,3.410102163022040944e+00,-5.677935549982231489e-01,2.114732502847190165e+00,-2.157108811675382043e+00,-1.832345879322681281e-01,2.381548021851048524e+00,5.073846583696584034e-01,1.188719957315762299e+00,1.421271395769489576e+00,6.267587842604669390e-01,1.805515449593727784e+00,5.293540074719087496e-01,-8.374508558541879921e-01,7.037115753114513150e-02,3.148523272089118752e+00,7.397512647549961962e-01,2.376740223856174339e+00,3.468340788568428090e-01,7.143685483689232729e-01,4.579368853840440345e-01,2.460256969739887389e-01,2.069961594350592460e+00,-6.017164693457108804e-01,9.068942031835450224e-02,1.426642213326022812e+00,-1.961006762705669315e-01,-1.107830176806200884e+00,-2.445041658713962285e+00,5.183833800171622208e-01,3.280076669365272202e-01,1.223162938927085719e+00,-1.068432799235925934e+00,1.212833080753509485e+00,-1.554607222287857748e+00,-1.183731303636575971e+00,4.792007259449956535e+00,3.568540082462430707e+00,3.011978965693267014e+02
1.156898064562864037e-01,9.796211563855019566e-01,2.400655336437518272e-05,-2.349033792149525013e+00,9.965482123920667012e-01,-7.301804122476369674e-01,-1.805646166940021002e+00,-2.050548748008471089e-02,2.076469228909274101e+00,-1.939510409394835655e+00,-3.091384559107414054e-01,1.096710812246056932e+00,2.225193348849088260e+00,-4.709637651494714694e-01,5.404693777627889162e-01,-6.878194217351110140e-01,4.072880798869150665e-01,8.325504241049225262e-01,-7.401250501166373175e-01,-1.982103139321506502e+00,1.751333612389680550e+00,2.863615286828236073e-01,1.142157651180397249e+00,-1.664356872696720835e+00,2.199146207193007019e+00,1.233096658750946206e+00,2.543256600804796541e+00,-3.999431179838430772e-01,1.236051910160365752e+00,-7.030702106174777644e-01,-1.539138153370341211e+00,-2.586339249677953589e-01,-1.139545961515763040e+00,1.103997564635110562e+00,4.867720859006017253e-01,1.315639682076639394e+00,-4.072576786926764281e-01,-1.392296876473713141e+00,-5.211064642369682698e-01,1.226308019286293627e+00,-2.400990939636326038e-01,1.856132832758780271e+00,1.745384350915115235e+00,-2.123719553807251081e+00,1.135288973121031164e+00,4.827408905792611726e+00,1.254666621412339866e+00,4.213790052853769730e-01,-6.260757080726666590e-01,-1.935754797026367102e+00,1.263238625399483839e+00,1.931630949306722522e+00,-5.701167817377410518e-01,-3.042151531554929011e+00,-2.540269717299357133e+00,4.582742361144378052e+00,-3.672582467654575411e-01,-7.014586545863885636e-01,-1.061099138376347506e+00,9.740886999012653424e-01,3.672998829607607707e-01,-5.286175218493263106e-01,1.494042409998674215e+00,6.524168109530938953e-01,1.748359379508145128e+00,-1.775026995168047517e-01,-5.371592817817318899e-01,2.025887531228903971e+00,2.659207817648183703e-01,1.242775752223255203e+00,2.882756134508925039e-02,1.150708405647538513e+00,-1.095858069070771323e+00,2.151580178963970746e-01,6.803460553937858979e-01,5.122044527387354940e-01,2.762383016766850607e-01,9.077978023034871669e-01,3.327514156542827894e-01,-1.320296630773294844e+00,3.186044077038833744e-01,-1.249751929704828735e+00,3.476613993929059898e+00,2.561746333807242593e+00,2.113524013623888642e+00,-1.871282695106720961e+00,-2.992110884958780304e+00,-7.697232624047024574e-01,1.313699517605921185e+00,-1.056211493989881456e+00,1.128972348585495444e+00,1.654758915841852529e+00,7.008884004607689455e-01,-1.711624112668507447e+00,-1.963187999648964288e+00,-2.140292603692232731e+00,-1.412536448787749199e+00,-5.691473518935428189e-01,6.335387105138097219e-01,-2.985964419563180261e+00,3.004124711442826889e+00,2.098478206272067936e+00,1.292369461702292721e+00,2.952587966598071212e+00,-7.497686252834072640e-01,-2.139905551061260347e+00,-5.925141848793553656e-01,1.443765532722117995e-01,-1.597380010616295865e+00,-1.748282020266497039e+00,1.740881427106875545e+00,3.860166331569446996e+00,-1.312119640052449077e+00,-8.323716912765110054e-01,3.634113313192953165e-01,2.550882687443406516e-01,3.583242425841337564e-01,2.355657595285834405e-02,2.300633827614038562e+00,-9.927692128179004261e-01,-7.118001185541080744e-01,-1.111849721476830144e+00,2.309810997255590692e+00,1.233330425450826384e+00,-3.663358140554840769e+00,-1.928676964367056268e+00,2.129843213210520947e+00,9.120979603796390833e-01,-2.646596596806573221e+00,4.649543314104720437e-03,1.205463854067295865e-01,5.665858477601679599e-01,1.795393937453400035e+00,-1.873279173001514142e-01,8.358131556681577257e-01,-1.859839959455436453e+00,1.752132237218291921e+00,-2.149980221983630035e-01,3.719302573757797825e-01,-3.544690577543402887e-01,-3.246262597967809749e-02,2.502256910064210249e+00,2.968716383305305406e-01,-1.527829003365665406e+00,-4.883652690378492145e-01,5.210372056032250843e-01,-2.112529311819025146e+00,2.290275836103005946e-01,-1.989308181013036414e+00,1.146258047341230268e+00,-1.885192536670082131e+00,-2.258154151079074357e+00,-3.044222305747822377e-01,-7.214696386649319670e-01,1.345327284604118878e+00,-1.067671293703749968e-01,1.342842154088872864e+00,5.051903000469317728e-01,-1.724640862126971319e+00,3.769024242684263282e+00,-3.668992028591988586e-01,1.939831189348209417e+00,-2.297791622283701152e+00,5.506612149985067317e-01,2.136428679430074418e+00,5.038035419012609761e-01,-4.185213421397905864e-01,1.589453722688038972e+00,-4.712835552883140045e-01,1.670963893893963714e+00,1.143448275462007668e+00,-7.327131941718429964e-01,-9.144465399306995756e-01,2.574368736819319547e+00,-3.329093277894870084e-01,2.115396769027756196e+00,1.791965979506101869e-01,1.400987943738915664e+00,1.773308308003715139e-01,2.966195229672721201e+00,2.536299194479504360e-01,-6.994034466691071428e-01,8.405235464178879567e-01,5.523411002272701209e-01,1.028033767777228324e-02,-2.033618380688235749e+00,-3.087437627471928625e+00,-5.000892930838831685e-01,5.333083637980111646e-01,-6.222034057366100379e-01,-1.042250029629435693e+00,8.303997510574815388e-01,1.024021258459870021e+00,-1.397486271720615125e+00,4.836712996577890777e+00,4.059515029145109644e+00,3.013992351694560625e+02
3.472847801074709917e-01,8.484097327855527615e-01,5.374247257313032877e-01,-2.297466819728235521e+00,1.078104280266781290e+00,-4.722793961973713039e-01,-1.947481685687759922e+00,1.716644618086465568e-01,1.987323703053713198e+00,-2.058354543186067698e+00,-2.149324670819109939e-01,1.340492310865219139e+00,2.383769265379330982e+00,9.376364619025574776e-02,1.906028924704789462e+00,-1.239046000657295865e+00,-1.113627528222080665e+00,1.593328156459359102e+00,-7.949088104526508269e-02,-1.997255500635755077e+00,1.900436401100498607e+00,1.923450317582240832e+00,2.281540700240837771e-01,-9.299955371733195086e-01,8.087630270247323505e-01,8.579991930524583088e-01,2.782406422777857991e+00,-8.913697059665582900e-01,1.190702557179623700e+00,-1.473538456248963735e+00,-1.412245469177235924e+00,2.586670137710676554e-01,-1.738046800920173052e+00,5.430954331712307681e-01,1.524022021711790131e+00,1.324182415029162563e+00,5.850311254000239991e-01,-6.850700577188376661e-01,-1.136568088907977003e+00,2.569018901409531264e+00,-1.361081887456852879e+00,1.315881358912499577e+00,5.092680642253648582e-01,-1.842462609498018544e+00,1.836679763877155924e+00,5.208614648915607326e+00,8.591339865754872296e-01,9.999351057981318291e-01,-1.548848991276673859e+00,-2.138348908699636564e+00,1.304905533771964388e+00,1.289145939608282276e+00,-9.312715773372784445e-02,-3.452161051252639723e+00,-3.153441315777453902e+00,4.495200397148432891e+00,6.203563755005139790e-02,-1.544971541993563624e-01,-8.434562852406263245e-01,1.165940396204832252e+00,-1.644330875190775920e-01,-4.502429981718005791e-01,1.486650906950831574e+00,-6.484455970579813266e-01,2.281450742719993929e+00,1.917747611136009223e+00,-1.319978432087847819e+00,2.491438626175256577e+00,-2.307798543482149911e-01,1.609547665780072023e+00,4.773800382913853668e-01,1.204445912166920651e+00,-1.170219666038087691e+00,2.214450757322196095e-01,9.042089486415998412e-01,1.646821587048884206e-01,6.852566139808760060e-01,8.908480393042753631e-01,-2.582044191069449157e-01,-2.940054780618900909e-01,8.292473908207800837e-02,-1.313140098913762710e+00,3.432204145872193024e+00,2.055271389562971951e+00,2.159459632072015189e+00,3.517225443142502073e-01,-1.584317782525418883e+00,-3.396980807700873406e-01,1.403747428109531015e+00,-1.554442761181288102e+00,2.928721773164178810e+00,1.723467787489514569e+00,1.062203361887175790e+00,-1.774423343925156660e+00,7.910789525589009274e-01,-5.001840882310830239e+00,-1.333498186885732295e+00,-4.434541244803666959e-01,-1.044489664413570801e-01,-2.355220617426579288e+00,1.669850808514266927e+00,1.710326162264368177e+00,3.304141463659506783e-01,2.403153678389786663e+00,-1.322456716901456941e+00,-2.777349609997003199e+00,-6.113737173010923565e-01,5.795418105626840011e-02,-1.263614929393739539e+00,-1.669322560806173028e+00,2.331683988212435388e+00,3.325001666051010218e+00,-7.202970281396289254e-01,-8.172476672209485482e-01,1.513161987569872968e+00,7.359246205963593246e-01,5.408777296655062905e-01,1.556953064544132292e+00,1.766092513396239072e+00,-4.860227067945968593e-01,-3.006293801880012273e-01,-1.506235605378971831e+00,6.046472783745675539e-01,1.580891795503036379e+00,-1.943760757939867911e+00,6.077295070551179679e-01,1.686742482731619086e+00,-2.056405212459184728e-01,-3.265306595286985303e+00,-5.268885819152473449e-01,-1.002742641112503330e+00,7.210973310867921926e-01,2.388594883766430144e+00,-1.640624535378202853e-01,-1.733611271148859601e+00,-4.128455458075435680e-01,1.771118779003282739e+00,-2.475132430450363574e-01,7.244570507085458244e-01,-3.861529033733999139e-01,-5.344868681976502889e-02,2.410185972506533769e+00,1.087599801793110998e-01,-2.997605346153416672e+00,1.065020302839647437e+00,-9.817625590219034581e-01,-1.644013289553174051e+00,8.025205837075041204e-01,-2.158570260386243778e+00,5.934762206775684446e-01,-5.501586894495591462e-02,-1.512287856465120317e+00,-1.647713087952256406e-01,-9.766806490926757123e-01,7.951782380200236311e-01,-5.949113140742221528e-01,9.833695929778165645e-01,1.037981120871685592e+00,-1.685371707909687933e+00,3.391758631964741699e+00,3.991156217870528988e-01,2.319174262422301958e+00,-2.458351586261873223e+00,-4.973955441739864869e-02,2.896798941269344674e+00,-7.221863953318106155e-01,7.875247427476608220e-01,1.875615875065228089e+00,7.814108172959048915e-01,2.026400015286643708e+00,1.701794621490643755e-01,-9.362160959495843815e-02,-1.672440215732980406e-01,3.227939387065582366e+00,5.651617319494603997e-01,2.557426040062037664e+00,3.676051831228219213e-01,5.601153439537657208e-01,1.966849283690075556e-01,2.613979448326879673e-01,3.578663750527346504e-02,-4.724847568086725236e-01,2.782824307698332778e-01,4.861688572886615489e-01,-3.942630901840245561e-01,-8.394289950781333998e-01,-2.998613877914721115e+00,7.849639957681464608e-01,4.258883465836753035e-01,1.006191896812902664e+00,-1.059767591950960597e+00,3.449895049338999042e-01,-1.669343558897310897e+00,-1.071443661591742869e+00,4.852266621584799822e+00,3.412365892478305351e+00,3.015382051376615777e+02
-4.642992083959211480e-01,1.097771611746931164e+00,6.534045840844536768e-01,-2.485905313868220556e+00,1.146576577818585019e+00,-4.152404574623477784e-01,-2.024297095412479042e+00,9.176573845146350772e-01,2.072197578024801867e+00,-1.961602127322683131e+00,-1.498220784509203818e-01,1.506692395664951833e+00,3.072628515829272100e+00,9.267402156116864853e-02,1.962709697275405452e+00,-1.235401956460337125e+00,-1.034035416482243397e+00,1.599258397494540462e+00,-8.598450223730139674e-01,-2.161004592253645828e+00,2.459283058339878814e+00,1.826554259530428270e+00,5.123278023275703585e-01,-2.067659483550457811e+00,9.205521650870230888e-01,7.180424854942674129e-01,2.656347437868303185e+00,-5.010892467413067264e-01,1.045058307446679047e+00,-1.689917348237596428e+00,-1.307192819751966217e+00,4.582117678963712470e-01,-1.539290658393544620e+00,4.930968533231568918e-01,1.471238321728579601e+00,1.130909293770995028e+00,1.009772811233353940e+00,-1.120638405822206529e+00,3.466485398638867732e-01,2.688247328127779223e+00,-2.741040523262750384e+00,1.462733558049337690e+00,6.702970990872054724e-01,-1.844804287735161807e+00,1.635461974281601227e+00,3.540445821605809673e+00,3.154388855547314852e-01,5.787417573569773044e-01,-1.175548660070537821e+00,-2.066358245106981073e+00,1.502516590710541555e+00,1.509494492081395745e+00,5.023346887767303481e-02,-3.368949580606521277e+00,-3.330261513536561413e+00,3.716042209130889340e+00,-1.043272992204646421e+00,-1.649093577890366480e-01,-3.808650983466439488e-01,8.990572380249357565e-01,-2.392189930699964995e-01,7.340431665356810242e-01,-2.001014663941325100e-02,-5.687561472737662216e-01,2.247772407832019592e+00,1.075686909208356523e+00,-1.537396680564669937e+00,2.599841288274362228e+00,-3.323877775217177755e-01,1.622671659341629491e+00,8.841747314137393676e-01,1.331515197630757319e+00,-1.493600492371609301e+00,4.029650158698026563e-01,7.604842276476072582e-01,3.329308431160348247e-01,9.010611688703361599e-01,7.183469615349171722e-01,7.204479003068773313e-01,-9.906754023652629693e-01,1.934401801360304263e-01,-1.065712556925981769e+00,3.775707511390365756e+00,9.372361393428656484e-01,1.893535929410070207e+00,2.930540175533919989e-01,-1.793553520029837811e+00,-4.432304152910036127e-02,1.613662377876340370e+00,-1.598367980135396049e+00,2.994135120998262067e+00,1.778719362444672436e+00,2.297231144962539329e-01,-1.934725839732065689e+00,-1.462983751494955520e+00,-4.824482760275517812e+00,-1.497144666971483407e+00,-4.691038291605890698e-01,-1.092774172676284072e-01,-2.421793048606914134e+00,1.625043892779384214e+00,1.141628280269001428e-01,4.800791221486042648e-01,2.215241403284502031e+00,-2.719183471152637477e+00,-1.370181142144500486e+00,-6.165871768306333545e-01,5.904540849874935493e-02,-2.002894871498566598e+00,-1.335476717186895756e+00,1.638908184531262746e+00,2.334352247955939319e+00,-5.364367150876178103e-01,-1.458486313305648707e+00,1.415913559571098546e+00,5.322502283187645622e-01,3.707884452642802309e-01,-6.820571567949476055e-01,1.844871768875069096e+00,-5.181837919915035506e-01,-4.370683776537945819e-01,-1.467193234861672746e+00,4.075705563062888892e+00,1.211855600331996463e+00,-1.844811388677521702e+00,6.364709151731875458e-01,1.714804123122477986e+00,-1.742658762383613724e-01,-3.293859394077553571e+00,-5.898075433681188029e-01,-9.700303570362852623e-01,1.558605514784544788e+00,2.308252485335205328e+00,-1.663532214914955620e-01,-1.550726708255108166e+00,-1.530943808737779799e+00,1.673986987327580556e+00,-1.875301874092137888e-01,6.792823854386299542e-01,-4.754771020158575778e-01,-8.812100426857297220e-02,2.198369781965677117e+00,3.404082314429673350e-01,-1.107548919208862559e+00,1.141875330100496244e+00,-9.262142099310427534e-01,-1.752202920628767480e+00,6.594110988671700868e-01,-8.218728113366865484e-01,7.113641470736805639e-01,-1.508282022275183321e-01,-1.620039494554019299e+00,-3.159586985716092977e-01,-1.271384867812129338e+00,1.483801886498570255e+00,-3.176028619241125783e-01,1.143600262900603903e+00,1.929902870818848371e+00,-1.928808200068765633e+00,3.468423253570484199e+00,2.589869909272280446e-01,9.454411568145230094e-01,-2.362753324477064876e+00,-1.698452530594013743e-01,2.059372128970864413e+00,-4.990102037580874672e-01,8.299752045979797987e-01,1.598624327616479768e+00,3.713635513183629472e-02,1.965071823570931464e+00,-2.427828378518883112e-01,-5.072544158321694308e-02,-8.577570013626478751e-01,3.253308142897034738e+00,4.134860691626557339e-01,2.428257242090573698e+00,9.706431224037037619e-01,5.473126167132859043e-01,1.886647746699446904e-01,1.350455375853910900e-01,-2.757943336836831683e-01,-4.702210645880542383e-01,2.681359178015250144e-01,5.599892824839766137e-01,1.540365498023865409e-01,-9.369352744150427625e-01,-2.645345964531099714e+00,-1.046540619492075663e-01,5.630762013938974686e-01,8.923583171233401279e-01,-1.012027048302727383e+00,5.508201191208592640e-01,-1.370989283712784168e+00,-1.461839340687069111e+00,4.694156936605352826e+00,3.311326382591468498e+00,3.017225427385741341e+02
8.711694560361592510e-01,8.684669575198307179e-01,2.622778428662149164e-01,-2.379900282408028200e+00,1.381274840101978985e+00,-1.228283651786755692e-01,-1.748252511335983028e+00,1.329380128347660284e-01,1.878261193181665956e+00,-2.006040474683657759e+00,6.768097249829507778e-02,1.802612804011739733e+00,2.039349716397998336e+00,-7.688933156628270371e-01,3.353586437434734058e-01,1.812747912377309090e-01,2.325155780807299510e-01,9.720266287244573311e-01,-1.217301176655280814e+00,-2.132209572704456768e+00,2.944628271941204023e+00,6.597774247019262406e-01,3.116976089634995728e-02,-1.612648096381478879e+00,-1.366217219119900905e+00,1.279783561362013433e+00,2.813202456777879057e+00,-3.604619957957896359e-01,1.534902479671167219e+00,-2.404887548301323452e+00,-2.786618430469191665e+00,8.956753389192514403e-01,-1.661728188127385764e+00,1.381905861502181476e-01,4.775787272316027177e-01,1.143475195039403314e+00,1.066667902335561635e+00,-3.955143407440916414e-01,-5.175815654951471112e-01,3.090744180144910036e+00,-1.638888697154289309e+00,1.618263164799834453e+00,1.096664587358673781e+00,-1.736793759244042112e+00,6.200680979083956768e-01,5.027563565098119192e+00,1.137603222603001285e+00,-1.577913454761749878e-01,-1.041539488342345887e+00,-5.524973860256955360e-01,1.210703631873283781e+00,2.326970102850385747e+00,-3.108668591831268424e-01,-3.051512085190355439e+00,-2.595942543029495564e+00,3.817219744758512334e+00,-1.249475127932214269e+00,-1.941182961418292940e+00,-8.966256159016067206e-01,3.263931807006210106e-01,-6.703817397820579504e-01,-3.755752657265266636e-01,-9.895445945816946920e-02,4.676799036232739959e-02,2.163541793837172378e+00,9.172453124859394347e-01,-6.911340183645118262e-01,2.760815270283907719e+00,8.302331194698485684e-01,1.700892289242976751e+00,1.021960273449533441e+00,1.821124099448259370e+00,-1.142531144131075482e+00,2.242878360623266065e-01,1.879065434025060100e+00,2.666165117346481761e-01,-7.024890235313101527e-01,-2.331564494452772474e-01,5.616856514398056444e-01,-5.064094052022101167e-01,7.619723567996978808e-01,-7.334243557069959341e-01,3.945949094884356967e+00,1.938164901008562646e+00,2.459868500756243748e+00,-8.956694479667595132e-01,-1.078235784296317723e+00,-4.183185460414886592e-01,8.256509177657789245e-01,-1.599293321656985123e+00,1.097190862612082318e+00,1.464789431192000446e+00,3.186835675984621696e-01,-1.680085206085744076e+00,-1.864886525757770919e+00,-4.345371238904174760e+00,-1.755444047077866276e+00,-6.582980455421272303e-01,6.288724982356647120e-01,-2.262577765384820250e+00,1.318314663974295309e+00,6.247968575782036904e-01,3.922264760030128583e-01,2.475916617408591147e+00,-9.797171219788894936e-01,-2.547754487364031206e+00,-4.012406419300375976e-02,1.166411458800076933e-01,-1.818296683522125479e+00,-1.023844367766529873e+00,1.709284475249391422e+00,2.785399192757035625e+00,-1.377866684488042281e+00,-8.189938734094954764e-01,8.442168449182237966e-01,4.784386536366148635e-01,6.147236658503594242e-01,2.638578067765648405e-02,1.309798111824340916e+00,-1.000442735176688691e+00,2.147759595426929735e+00,-4.595271530300593654e-01,3.516877995833710191e+00,1.372719429419727133e+00,-3.505442009093126199e+00,-1.674591498398767087e+00,9.199897394250755589e-01,7.474227655137228865e-01,-2.609139283677316623e+00,-9.123756975691911242e-01,3.054005826210057228e-02,1.245841049991992966e+00,2.121950220049628744e+00,-3.990641958857742144e-02,4.144699139289886314e-01,-1.448340519499859980e-01,5.224144942384525425e-01,2.061406371685800265e-01,4.770118228995688936e-01,-1.691379565430627951e-01,2.729335432187827148e-01,2.802103964000374425e+00,2.167738976602300860e-01,-1.506776435756114862e+00,-1.170117214353657981e-01,-1.117696743645036683e+00,-1.799359855688342558e+00,7.990152300337218794e-01,-6.348761927488363321e-01,-5.679940495302374798e-02,-1.704344388685561151e+00,-1.503142972601657634e+00,-2.654819578743498054e-01,-7.297613125160679060e-01,1.191723249685676445e+00,-8.093408433617026443e-01,8.680532883109403075e-01,1.243630102989235819e+00,-2.086705579923170628e+00,3.325603257170366867e+00,-3.775178234770369956e-01,1.903523397101272829e+00,-2.021558894593201483e+00,-1.902327625793489851e-01,2.111795401865959931e+00,4.834598618663571434e-01,-3.446458553376402500e-01,1.429267558945361616e+00,-2.065417112990185489e-01,1.820723477109036814e+00,-1.522782521103602793e-01,-9.231869869796633932e-01,1.415998748068764135e-01,3.796669693192845862e+00,9.288928745990739089e-02,2.121507554703268017e+00,4.211453269162532820e-01,1.439157830051423392e+00,6.023027759210065613e-01,3.061140859504767331e+00,-1.202824957840433334e-01,-6.717980261715904566e-01,4.376600914041923751e-01,4.777097855021095740e-01,-1.096932900428725099e-02,-1.537595737712286637e+00,-2.444369598296672663e+00,5.748137417872163368e-01,5.700292546553151762e-01,8.141074461853886612e-01,-1.171461562811345836e+00,3.817316709170565647e-01,1.063766784702991464e+00,-1.338827681629785493e+00,5.624292310904100312e+00,3.904972072858411192e+00,3.017297098081348281e+02
5.966409283032100275e-01,1.054233920752568388e+00,5.692348174153836204e-01,-2.332242488366472966e+00,9.722839659516240296e-01,-4.858045299281132934e-01,-1.032679908007121394e+00,-4.059826279121020454e-01,1.135604868483750529e+00,-1.405713164547520488e+00,-1.335058484782543076e-01,1.121072277412271001e+00,1.946327295459542750e+00,1.265189526994450475e-01,2.344068082155713384e+00,-1.500409620895570173e+00,-1.174369180786398514e+00,1.347125233455166438e+00,3.456402420960184851e-02,-1.953262414694241667e+00,1.724189391463210042e+00,3.259512461384895810e-01,1.436131648830684560e+00,-3.005042292892956546e-01,1.258390409274819932e+00,4.765450039706517482e-01,2.925868470080496664e+00,-3.402843643466852419e-01,1.777493404446230052e+00,-2.393953747885983585e+00,-1.095918218126146426e+00,2.399021143719563820e-01,-2.049971443822210304e+00,7.333081346890447938e-02,1.318008730132354867e+00,8.748875498170183285e-01,4.842842957971113527e-01,-3.029283211186673541e-01,-1.063925313743854656e-01,7.245076394738395598e-01,-1.940535913066567142e+00,1.240984170378031104e+00,1.800260704231063880e+00,-2.133339457330239775e+00,9.502076799822177788e-01,3.720873615215945396e+00,8.312378169472723899e-01,6.932468731836762821e-01,-1.066598472320160695e+00,-1.966436571631357211e+00,1.529784884468111450e+00,1.636023543004521130e+00,-5.579466494144472710e-01,-3.228089319227338105e+00,-2.955388592442648843e+00,4.762203278596533806e+00,-4.294946875354263005e-01,-2.401007218602436488e+00,-9.602199550524905813e-01,2.823398106941300140e-02,-4.011578508009545629e-01,-5.438135201688873988e-01,1.766728607019961261e+00,2.855704390970120743e-02,1.982402231350094413e+00,1.578059764803824816e+00,-7.534397582664472681e-01,2.579899451008646594e+00,7.176675806331255236e-01,1.094906388621725846e+00,4.048935220480415209e-01,2.986372790929781029e-01,-1.156401729787219113e+00,6.818101139606415062e-01,1.397328651317735648e+00,1.906253213331101648e-01,-4.946200466396918904e-02,1.268334722587533214e+00,5.484179492598308947e-01,-1.207005593606838900e+00,8.176074548638656569e-01,-1.168719673219895228e+00,4.201873714488457701e+00,2.372375873239269684e+00,1.925754193647597923e+00,-1.567866131180412514e+00,-9.672903270638746331e-01,-7.138860746742324848e-01,1.085025480781489415e+00,-9.937980629463692983e-01,1.234436250385361422e+00,1.437746045170348541e+00,4.742080655338656858e-01,-2.367348623322945045e+00,1.269269676805834690e+00,-2.583670002570594093e+00,-2.135556473537738587e+00,-5.946624977294384662e-01,-3.908659498672945598e-01,-2.258869383448216528e+00,3.636261528626684836e+00,2.360846482595550633e+00,3.071239135983623303e-01,2.974189339107671692e+00,-1.539751777445358183e+00,-2.153872193594879914e+00,-2.738692769792235304e-01,2.386084102503600868e-01,-1.504190000216996115e+00,2.186745507976347591e-01,2.145969558954239353e+00,3.200213441331140718e+00,-1.423026498050756983e+00,5.921784536718774361e-02,1.665899421881456677e+00,3.379618769298224912e-01,5.111024501473350190e-01,-1.842152473911792043e+00,-5.282877191081528645e-01,-4.759943097754690822e-01,-1.054511444115264096e+00,-8.959184536366389118e-01,4.413873533747327826e+00,1.013704530525665781e+00,-3.041454640458434167e+00,-2.002637653993851741e-01,1.899898117208876247e+00,-3.171260552473983974e-01,-2.640720198581617328e+00,3.840146262739309035e-01,-4.294808944819812346e-01,1.787425672880285754e+00,1.761188220039596519e+00,-1.284962736311850984e+00,4.052794855159556064e-01,-1.038990202031748300e+00,1.620412419978963792e+00,-4.681964293284059941e-01,8.953764272292172866e-01,-2.392885361536005451e-01,-2.700435565558141349e-01,2.673104130125137257e+00,1.444897844279027510e-01,-2.448105760679007759e+00,1.003295447556142195e+00,-9.841831666621168040e-01,-1.630792899826303266e+00,6.669074485446241374e-01,-1.166785167766507814e-01,9.190603587739064606e-01,-8.081810582371311558e-01,-2.214937294296852155e+00,-4.709427599001025921e-01,-4.860645780553635165e-01,9.113249398404598134e-01,-1.003449898679240393e+00,7.765292160213052020e-01,1.623122374398883405e+00,-1.434848431164992721e+00,3.438001219811715803e+00,-5.230103132922701015e-01,5.419317600075662655e-01,-2.549575062917092794e+00,-3.746814388067838952e-01,2.832311129696567509e+00,-7.038081700060733192e-01,7.860133683066534704e-01,5.641329933038375932e-01,2.386232750028369209e-02,5.099049651235869340e-02,1.073400538178888725e-01,-4.262252269383150494e-01,1.753460763139462752e-01,2.789471839106895334e+00,-5.615767667123940099e-03,1.913881806482597980e+00,9.422212605263313723e-01,8.690126659598225167e-01,3.956140117882115392e-01,2.888192611131039200e+00,1.198744652996911464e-01,-8.338556027660813941e-01,1.567761057924411117e-01,4.147978883453176113e-01,7.598642687754278424e-02,-7.583720234163786600e-01,-2.640713888061700931e+00,-9.809938419126871256e-01,2.322842521756764700e-01,9.924855400905076008e-01,-7.347129499633707761e-01,1.496074051314183917e+00,8.304948300095571501e-01,-1.220628406464505655e+00,4.531910769145373052e+00,4.620541865216273969e+00,3.018647466589742407e+02
5.995712609756342903e-01,3.015243969376990574e-01,8.193758669657871252e-01,-2.554840242162144559e+00,8.212291223165817389e-01,-5.632751363410780643e-01,-1.998802690589463804e+00,8.620176998004679403e-01,8.215740469294023907e-01,-3.372376268807125155e-01,-1.084580393909126972e+00,1.740306269611166856e+00,2.002361253233994276e+00,-1.114126138927808846e-02,2.436944358984347581e+00,-1.670811232342447994e+00,8.674337277932887558e-01,1.418068432081285746e+00,-6.869206372517022707e-01,-1.699415008786904879e+00,2.581899888079236316e+00,9.733827434208985885e-01,3.965395953172179411e-01,-1.944866716131675721e+00,6.258649169011142321e-01,3.900532385945608138e-01,2.143048843977292783e+00,-6.115702153553088660e-01,1.777935609744768275e+00,-2.093151150686583861e+00,-2.158557390797926523e+00,4.138649376637548172e-01,-1.226242129030304717e+00,6.990704128188180988e-01,8.123873942457254804e-01,1.946736593663269232e+00,1.001038654512564907e+00,-1.151650142576438274e+00,1.959491342431648464e-01,7.995239521701665852e-01,-1.508162353648096587e+00,1.662706270197435332e+00,1.933372723501425305e+00,-2.313313011412651221e+00,4.502090204504640703e-01,4.824679639103004902e+00,6.172783489215838415e-01,5.957017717199301066e-01,-1.665477986918642461e+00,-2.126289362460135113e+00,1.178152652107042064e-01,1.120212365727768722e+00,2.325395919895517083e-01,-3.341379387187393135e+00,-3.197053697458744903e+00,3.272042373222623812e+00,-1.061008969467860164e+00,-1.188886904920498644e+00,-1.954243513755345441e-01,1.026486794970685734e+00,5.671272228529556925e-01,4.360771069299075320e-01,-1.055318326664842765e-01,-8.381417649658178259e-01,1.468798391733409092e+00,1.295323895131251346e+00,-5.054302608801772845e-01,2.574807119354899143e+00,-4.376390602968112664e-01,7.177398882087097920e-02,9.105739967980375216e-01,1.733503038242439898e-01,-1.332817754060441562e+00,9.416610489384843463e-01,1.559726532522781373e+00,1.674437079993900956e-01,2.402065122130534913e+00,-1.701484827801514332e-01,5.664737970616654517e-01,-1.071914657492194944e+00,-1.660898833965142041e-01,-1.113848719685138988e+00,4.198426891785296711e+00,8.755873105398949141e-01,1.943577216130101259e+00,3.494126527678402261e-01,-2.746634156946912153e+00,-1.071199758966117299e+00,7.269388753853994745e-01,-1.176703942364446975e+00,3.083431143364832039e+00,1.954807395454703611e+00,3.359620557725798151e-01,-2.065576239562322058e+00,5.533124247333515155e-01,-4.341612656008923210e+00,-1.214262602981138972e+00,-1.174638702455596873e+00,6.502357692163412972e-01,-2.214183899949707435e+00,1.698129764900608407e+00,2.099019715621660565e-01,4.660267305477777122e-01,3.030570349172300393e+00,-1.193194209710290110e+00,-2.846298138462649341e+00,-4.696427599717285517e-01,3.514837150092622875e-01,-1.768768852930323821e+00,-9.376452914654874737e-01,2.273313140691381129e+00,2.049118818149387344e+00,-9.241348030354721299e-01,-1.585460319635168869e+00,5.198077927914384055e-01,5.998417819551259411e-01,1.517861428540185686e+00,-5.184869299932303166e-01,-8.919259945088018338e-01,-1.279792137992465273e+00,-4.477155016143093413e-01,-1.064224147508671114e+00,4.088300218464701707e+00,1.143456552981030327e+00,-2.182509804864515068e+00,4.771468876156165217e-01,2.023013375388422297e+00,-4.530550047888923793e-01,-2.669269089672768214e+00,-5.294610074930158339e-01,1.023425248312962443e-01,1.433470041484890878e+00,3.290063869016173204e+00,-1.684677926921916147e-01,1.688763625234951160e+00,-1.665217101157601798e+00,1.116743069459596782e+00,-2.036912487623541990e-01,5.971865054582881083e-01,-3.092721984236840860e-01,5.939619392157458044e-02,3.007591334189585019e+00,3.252649498952091545e-01,-1.035520475225997661e+00,-6.931064811590570418e-01,-1.172471831227440697e+00,-2.280407930594867238e+00,7.947812453129120547e-01,-9.088172485327141725e-01,1.245703612600658428e+00,-1.079966547097391261e-01,-2.320930235036578804e+00,-4.690476525724525114e-01,-1.162360566159386543e+00,1.543430244090579828e+00,-4.106738085514438086e-01,1.142715470249304532e+00,2.016689939047449531e+00,-2.977827525734365377e+00,6.140965258152767392e-01,3.171122196984527131e-01,1.939266080579866713e+00,-2.450181799797903182e+00,4.117352053972481718e-01,2.470081911233655170e+00,-4.326152611419833427e-01,5.745172695662799089e-01,1.883670190570214231e+00,-6.225741788662483289e-01,5.102449939270718993e-01,-8.502941723834638310e-01,-8.656433835635084506e-01,-8.376682127293472169e-01,3.347322096200548547e+00,2.881679327233642174e-01,1.899202969373664063e+00,8.255583850473960927e-01,4.566745371160517153e-01,1.393535923990952829e+00,-2.634805270442450165e-01,1.396133127839374488e+00,3.994161401993352456e-01,3.949336233465289281e-01,4.570270706956136020e-01,1.250824756810866023e-01,-2.103175119243101854e+00,-3.106217610771010662e+00,5.668784485411816620e-02,6.395127500142717691e-01,7.978273545866073624e-01,-1.158264989213169116e+00,6.359847221093937186e-01,7.993694023785402614e-01,-1.544824567423211281e+00,4.714322025961029894e+00,2.496063190459839820e+00,3.980572119642324083e+02
2.077368265850441931e-02,7.558276941965368367e-01,4.084250265217282960e-01,-2.719779965183989567e+00,9.197326205612981198e-01,-8.684338439347770722e-01,-1.641348754371085183e+00,1.135976548625643012e+00,1.081703533161647579e+00,-2.102104910168036411e-01,-2.760371695519153734e-01,1.275726871188233913e+00,2.282955553353166245e+00,-5.621399149719614741e-01,3.954470271464700648e-01,5.032627002407058514e-01,8.101977028726721208e-01,1.395985912425443232e+00,-1.965673526977235852e+00,-2.091727133192695653e+00,1.909417592708072320e+00,1.284510088983578768e+00,1.119439449832922845e-01,-6.612997883732358861e-01,7.214836712037834277e-01,4.060478301220132868e-01,-1.562391023171515458e-01,-4.112985180053096990e-01,1.549513340479581558e+00,-1.890790811279993600e+00,-2.606716401347924261e+00,9.750376043606107102e-01,-2.038024574620111107e+00,2.463415342778575989e-01,8.784251954063552192e-01,8.671658256007823695e-01,1.558129169695265936e-02,-6.227095004117617627e-01,-2.186596278636574464e-01,7.865485147852121495e-01,-1.554482270850467085e+00,1.180390863655963685e+00,6.991402320936297432e-01,-2.134309370003236062e+00,8.388475584689198961e-01,4.998923755741483177e+00,4.822206936670105359e-01,7.490389803882531172e-01,-1.299793434610782228e+00,-1.658793391925535321e+00,1.770371485858206029e+00,1.794310113329607992e+00,-6.171586296551087036e-01,-3.664697167352288343e+00,-2.424125573592632144e+00,4.323750722350647280e+00,8.263551172128259514e-01,-2.481267476822820672e+00,-5.524692827471172629e-01,-2.635384357065696098e-02,-3.537288149234217305e-01,-7.481036728500530808e-01,-2.252663185891239928e-01,2.691292750855771576e-01,2.116479240064387035e+00,1.623727903625683755e+00,-4.771106769976730666e-01,3.002506865937188518e+00,7.339311947419198123e-01,1.001691823570313611e+00,7.674527281483830565e-01,9.304818457768512241e-01,-1.792783864316088493e+00,1.974429009759594011e-01,1.244104991123527792e+00,6.071545741125338180e-01,-4.238790356964089456e-02,-1.535366934716728915e+00,6.121556193988073602e-01,-1.035913326860614880e+00,2.881223984911907010e-01,-1.200841552704888571e+00,3.978318976784891881e+00,2.489696399252848469e+00,2.046520489286599354e+00,-1.573215409487004779e+00,-1.226558659988687294e+00,-1.038492579065544374e+00,1.043234565532114910e+00,6.738032986473888597e-01,9.024113808949290050e-01,1.926350129806118749e+00,4.896494863811251541e-01,-2.080783285669884908e+00,1.045402643539343757e+00,-4.558741710149824655e+00,-1.467107238657395119e+00,-8.296631682968438337e-01,8.480127967043946668e-01,-1.719678435814673056e+00,3.632313931083464453e+00,-7.650387726549598977e-01,3.597425266233003072e-01,2.186697132304842750e+00,-1.620182200989296106e+00,-3.128609859172732932e+00,-7.899225916864677233e-02,1.970561550966055953e-01,-2.204260369474203785e+00,2.351213973189165141e-01,1.441543897667620477e+00,2.390286227102803807e+00,-6.694093833592384968e-01,-1.362283238325139090e+00,9.430940213468992361e-01,5.167052172353928663e-01,6.145087296405141730e-01,1.218043336133822319e+00,-5.860559412542366564e-01,-5.162818880352724182e-01,-8.906113320289607005e-01,-4.082612633555685600e-01,3.823727431300234958e+00,7.655090637110576468e-01,-3.153355063923714230e+00,-2.189133670011815802e+00,1.407803275345651750e+00,1.090197223566353874e-01,-2.640380839139128799e+00,-3.006997710608687591e-01,4.121394409563906014e-01,1.819685690781027043e+00,1.974959859416693941e+00,-9.492327605930943601e-01,4.198137088039881060e-01,5.370877380006987556e-01,1.610292804964735369e+00,-3.294528741931283533e-01,7.268539999799998874e-01,-3.493085256030449282e-01,-1.046964498352383144e+00,2.571045931906825732e+00,4.737560433227984424e-02,-3.068243598923599880e+00,9.443571818283964525e-01,-1.177418996091998515e+00,-1.471016517337089491e+00,5.758988944531233667e-01,-6.559996175207410962e-01,8.969983966509902373e-01,-8.448999585152692227e-01,-1.568479878395338423e+00,-8.227117047387184634e-01,-4.588278746257530294e-01,3.549130778025937349e+00,-8.233593463503783294e-01,5.532332203260869052e-01,1.689392530230426681e+00,-1.551093587792803374e+00,3.558172471524526426e+00,-5.509914867589279508e-01,1.581501774492079404e+00,-2.037481857493727233e+00,-1.483753419495305315e-01,2.542175079734585896e+00,-6.530565423318588358e-01,6.176249664745677714e-01,1.537208616381624982e+00,5.287395836341910460e-01,1.320752895428554563e+00,1.294391731706145965e-01,-2.812556195338891674e-01,9.393617830721481821e-02,2.834005696231054472e+00,5.752719275484977079e-02,1.206759144734813161e+00,5.212469339530587664e-01,9.117226175504648811e-02,4.568056819150628223e-01,2.866922716355721157e+00,1.249817538727128641e+00,-2.224047707159775733e+00,6.917865407857467508e-01,6.915944316370294942e-01,-2.168610251048172788e-01,-6.124483228009789393e-01,-2.683749744346386468e+00,7.218367196560913079e-01,-1.378858432316553806e+00,1.124398299782695565e+00,-1.246214022943458843e+00,1.396348435344763272e+00,5.662449015498534077e-01,-7.726004637638661521e-01,5.365841117859428522e+00,1.101950727152481768e+00,3.996993896889698590e+02
8.059813235021967559e-01,9.569091138787045869e-01,3.224658318540408186e-01,-2.647192433244118348e+00,8.543301182635497648e-01,-2.222615864125394580e-01,-1.785431394942055494e+00,-2.098641396069545612e-02,9.204694693041557407e-01,-1.904394057488235648e+00,-1.083035879907146282e-01,1.237473784174270897e+00,1.915615905328879265e+00,-7.789459081404020990e-01,2.191092302940658598e+00,-3.704539377452956139e-01,-1.544449097207067911e+00,8.610032253881192421e-01,-8.752585437821606140e-01,-1.859703585370616308e+00,1.669195901964160678e+00,1.942608935591989994e+00,1.497021213983589671e+00,-2.364828797005550598e+00,7.638755393875886757e-01,1.046106038535985272e+00,2.850473464107004862e+00,-7.290321833025791287e-01,1.373796117545002637e+00,-2.245960522209080601e+00,-1.355837657823801612e+00,-1.034907632178810599e-01,-1.039898692361203691e+00,-1.485896410034147352e-01,6.858467426530270306e-01,1.543882517652887199e+00,-1.983055065572333353e-01,-1.313638778448838806e+00,-1.346538310875968980e+00,1.481559554254694433e+00,-2.103747295035294229e-01,1.257987427942696135e+00,1.613512542241912762e+00,-1.883095860886355055e+00,9.105497426187718624e-01,4.843476949122151431e+00,1.476993312227287136e-01,5.974745520559088252e-01,-1.127037903277569475e+00,-2.011747195560990686e+00,-7.035810978172748476e-01,1.630344308273596665e+00,-5.805962673684035291e-01,-3.456983425114461106e+00,-2.730795040961785602e+00,4.645880233955201888e+00,5.511157675148861124e-01,-1.498004911558932006e+00,-1.005030554054698433e+00,1.797910998158243068e+00,2.761196836719412850e-01,-8.484871475687132403e-01,4.087218844901008286e-01,4.851576901894065763e-01,1.819578512922984670e+00,5.405683340080991162e-02,1.029657629381229622e+00,2.258017762544406448e+00,4.125424420161509231e-01,1.227670192019433282e+00,-4.096953256263158316e-02,6.825681242157631834e-01,-1.111370836774772330e+00,9.542148575746312034e-04,8.000103123026810481e-01,2.467949853769338953e-01,4.217063187675146319e-01,1.197578023430858618e+00,1.009426886053288452e-01,-1.226816690430161616e+00,6.426955581189027766e-01,-7.337796294417530119e-01,3.339593714004605474e+00,2.254786898068078749e+00,2.336068073836411685e+00,-1.592830004375956898e+00,-2.687869530799456008e+00,-8.289266274636485354e-01,1.059163541311852530e+00,-1.310525876895818342e+00,8.844750712501205925e-01,1.799847707210543213e+00,5.496647438422125331e-01,-1.777841353062347585e+00,9.209617116710658857e-01,-4.407833264217615010e+00,-1.603191655920185976e+00,-5.633296413848395412e-01,9.665585524149578056e-02,-2.115503452491331871e+00,1.171259400786987426e+00,2.029672196722360322e+00,4.158233357875465996e-01,3.066144346234472184e+00,-2.142920352729250855e+00,-2.288162238953454608e+00,-1.705557525146921827e-01,-1.781300210244554649e-02,-1.000464034504547017e+00,-1.723360814666558216e+00,1.965272136241694279e+00,2.900577510463776321e+00,-1.015465290215261662e+00,-3.037436617295283248e-01,2.301040629418770411e+00,4.316867794333266173e-01,1.451361297052993882e+00,-1.764643677389343690e-01,2.365370460001726016e+00,-9.368401207176093592e-01,-7.015838459995582532e-01,-4.281775259685689505e-01,1.445772963541324563e+00,1.285510173465455264e+00,-2.234460791098695776e+00,1.169675544271842282e+00,9.507283040656946960e-02,-1.387232924312540860e-01,-2.628865995103157882e+00,1.353907280181901041e-01,-5.490646118553885735e-01,7.782478725739556680e-01,1.415516492536336601e+00,4.227581052665324579e-03,1.214620735097310167e+00,-1.889488984208820721e+00,8.698523010975613978e-01,-7.252526065167784752e-01,6.428431385405284360e-01,-5.863120939908264551e-02,1.642667928002037592e-01,2.679564718323435013e+00,1.570329279820465440e-01,-2.062139292652365175e+00,-4.657752380692447569e-01,8.416829022641179048e-01,-1.407904729339695793e+00,1.819340419941275488e-01,-2.247140139162271399e+00,1.076944990288978055e+00,-5.224900453715911747e-02,-1.641664430481045933e+00,-3.784726321813776662e-01,-9.662075256784921073e-01,1.561670506408290304e+00,1.299454883482142886e-02,3.373231215666457894e-01,7.956474974705032288e-01,-1.954268506996850840e+00,3.369952940279816289e+00,-5.623176668567845260e-01,1.605347630628669364e+00,-2.292542454232965987e+00,6.281647700402173129e-01,2.334199110437778835e+00,-6.698996862967729893e-01,7.744347850155579582e-01,1.694463477734426959e+00,-2.540593684153988341e-01,1.459368965756002723e+00,6.777851146529806359e-01,-8.262164023957365711e-01,1.022140997191064021e-01,2.553953318465888245e+00,-1.970104465330240195e-01,1.960269309801162763e+00,2.883050599625247568e-01,1.070786841984620263e+00,3.017733959202750782e-01,2.688188433514813180e+00,5.795321227336943659e-01,-1.055131137491409410e+00,5.767138925881538647e-01,6.588586036092847209e-01,3.776127165230495075e-01,-1.926450810160740046e+00,-2.931416159175512348e+00,-2.141120533095524081e-01,-1.352023122623267959e+00,1.177789510957010011e+00,-8.930104650046841730e-01,1.703856177637984137e+00,-1.671171254975407194e+00,-2.313278210263884471e+00,4.754101864313914128e+00,2.454635437630110939e+00,3.997632200637915503e+02
3.908881908761170365e-01,5.253021275392802947e-01,5.135461445666347768e-02,-2.573045266262568465e+00,8.945746685248503471e-01,-4.277561153808119299e-01,-1.863981369086959106e+00,-2.848175646227693036e-01,9.461308019358817267e-01,-2.059664397673341085e+00,1.121997736962149356e-01,1.661055933627760828e+00,3.015833513938106947e+00,-6.624480569358702775e-01,4.886948031725767416e-01,1.648357341503697837e-02,9.175739541805163491e-01,1.222800012086989074e+00,-7.930966632289806473e-01,-1.933971343710719326e+00,3.269537687418713201e+00,1.133976843350741781e+00,3.838558363515953697e-01,-1.478610361454280264e+00,1.449234853938029088e+00,9.248018164843820887e-01,1.797682393155051184e-01,-7.441364899362151730e-02,1.784733802595995567e+00,-2.284667568703990348e+00,-1.841940039603706669e+00,-8.058192682227330317e-02,-1.959880823152609253e+00,1.921953433861835481e-01,1.068094185880593239e+00,1.010347409126115759e+00,4.992590565147260184e-01,-1.451888099783811725e+00,-7.788663247214837604e-01,2.875159534183477472e+00,-2.292478982896214212e+00,1.778467302752067436e+00,1.168035781601018508e+00,-2.026102190596230646e+00,8.649710902483114250e-01,3.533229571284222992e+00,9.565754994652361232e-01,1.191882324598187326e+00,-1.354586579079734676e+00,-2.085856828607950408e+00,1.180313789297391613e+00,5.700643023379676766e-01,9.691093866916535016e-02,-3.282616619915736500e+00,-3.044498413017644900e+00,4.542582372424284642e+00,-3.390467227695803665e-01,-1.890839093645620084e+00,-2.300321338160051798e+00,1.527499764465480414e+00,-1.342406826250675200e+00,-6.604976714991547260e-01,-4.409248442134697243e-02,-1.377011153922479192e+00,1.828358755094465105e+00,1.932793741962313128e-01,-7.864194754186827341e-01,2.178729619615931590e+00,1.131176260301905989e-01,8.492212473437461551e-01,1.017444386594434480e+00,2.063434706282619047e+00,-8.360136490406369081e-01,2.284447865854581095e-01,1.742420410444822210e+00,4.598990631201801960e-01,3.145747591760461592e-01,-4.945766875188377099e-01,2.262158415674117573e-01,-9.988100496880547574e-01,-7.572070228818963966e-02,-1.116025670867931474e+00,3.655513687001632483e+00,2.666592533168627543e+00,2.107447593882534331e+00,-1.592350384340754932e+00,-1.025533764234880740e+00,-1.341370384466963772e+00,5.938508710172977212e-01,-1.642394198489351087e+00,3.547653291746561521e+00,1.657594427423615180e+00,8.962940448221454748e-01,-1.841827993926278273e+00,8.861542223672251861e-01,-4.627493727362490539e+00,2.349769186636976315e-01,-5.583834158247897861e-01,-4.008677505417892473e-01,-2.549956909283645601e+00,3.257723001934618168e+00,2.255238000978269319e+00,3.215334431699905515e-01,2.440432063307586663e+00,-1.521208150494608446e+00,-2.305684266065567645e+00,1.250670619819086893e+00,2.955091516859074119e-01,-3.175229223444688831e+00,-7.479755182804773694e-01,2.301669213981151429e+00,2.618670240097522139e+00,-1.183571431048893619e+00,-1.383897669346431769e+00,4.931942617970208609e-01,6.323803682337726384e-01,4.334217410541927884e-01,7.846129557621999151e-01,-1.026533222956023117e+00,-6.423645194463499519e-02,-4.199499257676856945e-01,-1.538772698347991685e+00,1.336643001687592092e+00,1.229117720741327080e+00,-1.639707455111614642e+00,2.297952870868076869e-01,-4.162916121354161107e-03,-4.166988872030874536e-01,-3.069850888106103071e+00,-5.562990717236527827e-01,7.990520457759451300e-01,1.744720520544808195e+00,1.625815400544157185e+00,-1.070353106835014056e+00,5.264443839932322344e-01,-1.887946112817705524e+00,1.551830201421494637e+00,-8.513602246231165571e-01,8.771258936798063122e-01,-9.980081547840187473e-02,1.895552564891299918e-01,2.846639225005429985e+00,-2.744690720598522704e-01,-2.466364355048031864e+00,-7.713194321711490664e-01,1.239670016166655619e+00,-1.003106980532089798e+00,6.335912725613399576e-01,-2.219712859802646931e-01,4.781183350920453767e-01,-2.135470681451804853e-01,-1.428697204239787855e+00,1.220413202593653712e-01,-5.238242264925746516e-01,1.481432817559191539e+00,-8.613872665762858372e-01,3.261016771934269198e-01,1.385558572345029882e+00,-2.319479212346831076e+00,1.384405140340776885e+00,3.542516020702332624e-01,1.825483231073005141e+00,-2.355104055422040155e+00,-1.614752635732981667e-01,1.853214333859820373e+00,-9.637927299572837114e-01,4.657002615755029828e-01,1.730176512954448187e+00,6.753529693635756948e-01,1.898807487294036811e+00,-6.574489116206297390e-03,-9.810060729010631198e-01,-1.132793532866187558e+00,2.657695453722986212e+00,2.957272747952142122e-01,2.196155061242912154e+00,-6.250013525022329874e-02,1.042967347969136815e+00,1.279485831101373039e+00,2.940733101758315815e+00,1.303535754655702039e+00,-2.193610080028621567e+00,2.318298781277254861e-01,7.233446010743014298e-01,2.252591439734614731e-01,-1.025012678795651944e+00,-2.385522682907365688e+00,7.051498230039878745e-01,-7.233972945558451162e-01,4.213479936494720635e-01,-1.075125581215680137e+00,7.964290599630859946e-01,1.438213157617387550e+00,-1.108064677845319146e+00,5.504529651191372608e+00,4.273383052057895704e+00,4.000210719900907179e+02
8.349964295522507296e-01,4.307401872179324465e-01,4.761811949977788339e-01,-2.518793087222319205e+00,1.176291307928862606e+00,-7.425926723553091247e-01,-1.155118543056264047e+00,-2.194413266141805041e-02,2.076454634607572736e+00,-1.873841936233214600e+00,-1.638388895710019000e-02,1.961876911598467776e+00,2.203767509404187752e+00,-1.477448445382507636e+00,1.832173652641793327e+00,-1.431559663747487443e+00,-1.307003753270848057e+00,7.381152632941914149e-01,-8.424564977032102941e-01,-2.044398440263028860e+00,2.275033997093494520e+00,4.312215153987211669e-01,6.912146284968589960e-02,-1.438633259168240253e+00,-1.153014588478319835e+00,7.354055070726408516e-01,2.873777097498938282e+00,8.983777699784057935e-01,1.255390502403139541e+00,-1.649841347857547103e+00,-2.228654550431734549e+00,1.546761391448526757e-01,-1.543612507118707899e+00,1.532694843690810771e+00,3.544513070901693097e-01,2.144120681110358806e+00,-1.776574632646257812e-01,-8.019497334747660577e-01,-5.514097717000344678e-01,9.468644803948614852e-01,-1.498749358363494544e+00,1.682959110460953145e+00,6.542801944250697943e-01,-1.870272046531513688e+00,1.201371771084866591e+00,4.922847482595175350e+00,1.151531245727519304e+00,1.059469550412840411e+00,-5.308155232996079054e-01,-2.336230713794575031e+00,1.210696371119865722e+00,1.894945111651699765e+00,-5.108301593836707122e-01,-3.763018755883108302e+00,-3.088059613968488382e+00,3.948597227241794183e+00,-1.094407858153762403e+00,-1.819610468611766674e+00,-2.058519932105541961e-01,6.536258477899740127e-01,-9.663515154909674276e-02,-6.058510901521738656e-01,5.387401793845866815e-02,-1.583647641591450661e+00,1.625036550844823680e+00,2.135338433453421558e+00,8.090701342006463292e-01,2.150035274705812238e+00,-3.395009175848263672e-01,1.599625522446927128e+00,4.958431959656922072e-01,1.375487683930366911e+00,-1.562389096908369357e+00,2.320638421386523043e-01,1.841971295385723906e+00,2.398169009511958716e-01,2.842629134200427732e+00,-4.843184626303028151e-01,-3.728411954767328618e-02,-5.875289180546781065e-01,-6.440373395398851786e-02,-1.301529959024650074e+00,4.143030955144971550e+00,1.896957168564510354e+00,2.086344226369195365e+00,-9.163195051941966929e-01,-1.442326601169520384e+00,-5.680150526355984830e-01,8.110911952022691329e-01,-1.288576344175924371e+00,3.272295324130021221e+00,1.512121673900291619e+00,3.188373169895186710e-01,-2.265160468387704906e+00,-1.383160426815988719e+00,-4.353771503779480412e+00,-1.010154875792065310e+00,-1.657163605415896690e+00,1.515702033264007653e+00,-1.779524628307477707e+00,7.074457381751648732e-01,2.141800699521194673e+00,2.218216988057491457e-01,2.426589905956951565e+00,-1.428973294503402158e+00,-1.231004289823393938e+00,1.219629941300764076e+00,1.754066362268009716e+00,-3.118251775385599167e+00,2.181849284241558773e-01,1.507963337766604850e+00,3.391058845004249811e+00,-1.535403660864879116e+00,-1.632000751040645792e+00,1.040193279172993535e+00,2.247559160118326738e-01,6.234659449227811789e-01,1.082972109298703467e+00,2.253164363754420307e+00,-3.425002171933934081e-01,2.318042147373798656e+00,-1.791366607216331008e+00,3.741517404730524188e+00,9.615438640186153574e-01,-3.383989406719289939e+00,-1.693830036019639274e-01,6.342937207429968360e-01,2.769770739872519372e-02,-4.347731342424943968e+00,-2.853672558717316732e-01,4.832034312671601439e-01,2.511631020002225601e+00,2.088122202341096134e+00,-2.022829407210718911e-01,-1.639981205269903874e+00,1.036497158469402852e-01,1.540210948105143141e+00,3.084599834272215291e-01,9.941173586842759757e-01,-3.887418808644239610e-01,-9.481108572936048917e-01,2.060248670324203779e+00,2.623889180439100688e-01,-3.128016640550942640e+00,1.040480411541892636e+00,-1.331965119932413621e+00,-1.730871494099680552e+00,6.547110972963887665e-01,-7.631306097830407031e-01,1.247232851030899980e-01,-7.378583567983695302e-01,-2.249378910726288261e+00,-6.344426863897923985e-01,-2.578679420346470241e+00,9.840811860009590628e-01,-2.206100910620939770e-01,7.004648666984901739e-01,2.300195127815424900e+00,-2.238772077582244613e+00,3.044923201054209994e+00,-6.925630833671398978e-01,1.933823676572036021e+00,-2.585542832543432201e+00,-3.693027760106483148e-01,2.682229846464817324e+00,-2.148574657352348982e-01,6.575212941739743133e-01,2.202193914475545800e+00,-2.130314737608582365e-02,2.207428862907343248e-01,9.765723848197771506e-01,-4.925167638109552715e-01,7.727226060416554632e-02,2.700522153362289846e+00,8.095621934862319291e-01,1.857456604306927606e+00,6.597506453580020969e-01,-6.778167980349544819e-02,4.994946196525339444e-01,5.591591034627506618e-01,1.250627974330821068e+00,-6.329495893267218509e-01,-4.971639039579992536e-01,7.925896722564933494e-01,1.030069520651035325e-01,-1.103535318526349673e+00,-2.830307297495855856e+00,2.085977734112398965e-02,-1.516631479566317164e+00,1.169576801813073219e+00,-4.603191830002251739e-01,5.954359499261860922e-01,1.579836342192345366e+00,-1.074233828462132001e+00,5.443911929132910998e+00,2.142581238924981424e+00,4.001655115208998836e+02
7.372921497110512812e-01,3.796838834179152578e-01,1.356092742319800482e-01,-2.595802966125794864e+00,7.008530648832420606e-01,-6.831907718507299609e-01,-1.810943345792827675e+00,1.006123796255297353e+00,7.105847845292203591e-01,-2.050060814765641837e+00,-4.002080603705657214e-02,1.574248196793849086e+00,2.178125748904848447e+00,2.554987092827721296e-01,4.368040905855363198e-01,1.836899406487756958e-01,9.205618977225613619e-01,7.202404869573795221e-01,-7.340445769866086323e-01,-1.819463098348041541e+00,2.253767530755313775e+00,1.484978018625413565e+00,3.650257587396340542e-01,-1.836432292212972994e+00,5.790289489062144801e-01,7.399522601172219272e-01,-5.458660952286481516e-02,-5.910884373857503427e-01,1.396998863164606641e+00,-2.010090727437574110e+00,-1.735500108987407142e+00,1.126900271924727415e+00,-1.983007753898335501e+00,1.513682800494535186e-01,3.048664691256137704e-01,2.365762852051758180e+00,3.130237766027029744e-01,-1.087311469181673207e+00,-7.512925516662610770e-01,8.486814435897241937e-01,-2.132783900208078620e+00,1.533447156460616689e+00,1.414291311269682661e+00,-2.205963065418827362e+00,1.012387474015627786e+00,3.586276428103861047e+00,7.349376221519352548e-01,1.311813399420266979e+00,-1.531401731208856809e+00,-2.037378798803538338e+00,1.195826019277019592e+00,1.765033180138675384e+00,-3.972751403642807433e-01,-3.377812796689272368e+00,-1.998402783583228981e+00,3.467638650477280038e+00,-4.981959113035441256e-01,-1.778210263797396218e+00,-1.356647482049570641e+00,1.813042431651874731e+00,1.984669304366687426e-01,-1.143181023032747268e+00,-4.703568591405787175e-02,2.328924091692567422e-01,1.860119079480453408e+00,9.957109069652123612e-01,-2.644068175204422610e-01,1.389272893298725053e+00,2.641669436545608374e-01,1.335158010632275127e+00,1.045192290202665131e+00,3.328032029585474838e-01,-1.036912106120814414e+00,7.298505682180174425e-02,1.668413984121228211e+00,2.401990913986219667e+00,2.300286307566385968e+00,1.767438888163609390e-01,6.934847150873737487e-01,-1.024590456892618295e+00,2.095505733612314514e-01,-6.782478120610955230e-01,3.460877279853296962e+00,2.799455630154432662e+00,2.696537757879195141e+00,-1.680764582335074753e+00,-1.170739444159043074e+00,-1.207879455505628918e+00,1.602168957164473717e+00,-1.381767459763221018e+00,8.779808726397242413e-01,1.766338776348477246e+00,5.770159971505064989e-02,-2.093514028403693938e+00,1.306844176500238985e+00,-4.291893193800476070e+00,-1.578852463267598205e+00,-7.780614339939957436e-01,-4.470546416257377143e-01,-2.464628870041197573e+00,3.125796474076727893e+00,2.166877029022472367e+00,3.218964788777270991e-01,2.826795292776593804e+00,-1.035148550360124542e+00,-2.684719637353979671e+00,1.663384432296487248e+00,5.813824553000002809e-02,-2.462601135027165711e+00,2.131753157626188611e-02,2.242907263615496305e+00,2.574527251117160631e+00,-1.576975761940040854e+00,-1.204355843514209656e+00,1.266594761235275701e+00,1.529797175615365434e+00,1.686809995342490209e+00,-2.019513939962537474e+00,-5.291182622176870964e-01,-7.246601035251366563e-01,-6.908704534354782600e-01,-6.222050493294446483e-01,1.215274855019006894e+00,1.156821921576992374e+00,-1.730769259099588009e+00,3.460647652458420653e-01,1.149050501929616885e+00,6.035913892191803187e-01,-3.007956002016164199e+00,6.240784946095013774e-01,8.484120470356668609e-01,5.180084215010202220e-01,1.910935298079737832e+00,5.652704646199258054e-01,5.151559503741545143e-01,-1.776170098901696859e+00,8.141557175420520709e-01,2.609200328951276626e-01,1.854201926451259641e-01,-2.985115539866263212e-01,-1.244891662950637023e+00,2.923545051950666718e+00,2.963177943279939885e-01,-1.917881869382090265e+00,9.072097108205056104e-01,-1.528224286518098607e+00,-9.971797357804897954e-01,5.549085899813139822e-01,-2.241159374276857630e-01,1.035404061770909490e+00,7.732637317344956407e-02,-2.645701033224221899e+00,2.079774730318950937e-01,-8.100920318740074677e-01,1.196542491832087274e+00,-1.118707138683172175e+00,4.567217436043554124e-01,1.404546382676776561e+00,-1.712226077632312826e+00,3.334033391947345049e+00,-2.517285840978749079e-01,2.079058911164650691e+00,-2.049370840608133459e+00,-3.028742037254964492e-01,2.023870472146411359e+00,-8.645668088272612239e-01,-2.412976131262471735e-01,1.719077882318853723e+00,2.905063770988315364e-01,1.944426173780392286e+00,3.857434459725594955e-01,-6.803742912746115756e-01,-1.840574777833884068e-01,2.500707521783546827e+00,4.077634796818427332e-02,2.149209373504224807e+00,-1.674760455802533354e-01,5.119022471914496109e-01,1.423736401166469712e+00,3.515812966167473075e+00,2.012533047043092882e+00,-6.760735397286573578e-01,-4.758601491316152288e-01,4.319075573609070795e-01,9.297223160821611876e-02,-1.040514754523364616e+00,-2.533314457551898879e+00,7.420418521915762566e-01,7.638817709699157188e-01,-6.811008443798202139e-01,1.078403609652655026e-01,5.821425494721192972e-01,4.811009193893511782e-01,-1.389822348821390774e+00,5.665794800700501455e+00,4.291136549612022399e+00,4.002890464718395833e+02
-1.477470929741604017e-02,2.633533418896287226e-01,3.674272529923729991e-01,-2.426616984485302719e+00,9.588182285159571050e-01,4.083590601658568797e-01,-1.224201828194581898e+00,-8.756279789434873173e-02,6.416366945477973704e-01,-5.633673028346287692e-01,-3.234955494500685869e-01,1.754075493467808444e+00,1.669522934552561289e+00,-2.079085605025462746e-01,1.863928274246072991e+00,-1.516569036496379530e+00,2.426055118710018776e-01,1.614038752290855916e+00,-7.771981458185122094e-01,-2.119677256053726477e+00,2.715858057242207746e+00,9.145322061117504564e-01,1.357750850996613856e+00,-1.931882778275821888e+00,2.123683417734296697e+00,1.060168595962925897e+00,2.668303125301965562e+00,-6.375957999017698441e-01,1.467276398064570442e+00,-2.438112246039514819e+00,-1.339578082386825297e+00,3.336689461290962000e-01,-1.572010410931236501e+00,1.757537476916728680e+00,7.626147884177720826e-01,8.448342543292349793e-01,1.134298329692694063e+00,-1.506009501580779730e+00,-1.910970390802362584e-01,2.057484679745596790e+00,-2.157954905335309537e+00,6.375830328224691979e-01,1.391645623407276933e+00,-1.738549606747569420e+00,3.580391328406960505e-01,4.336209143853073655e+00,1.325946807909070602e+00,1.293424328560841330e+00,-1.771138637700939489e+00,-1.332670979167777991e+00,-2.114958593419532518e-01,1.738999357317995598e+00,-6.148479924965356558e-01,-3.483855822044982009e+00,-2.835767450765672937e+00,3.887257080871805215e+00,-7.797235141536925651e-01,-9.370237274964697827e-01,-2.256958622156610694e+00,1.184305582243205146e+00,-2.338920128906347151e-01,-1.028259181770051933e+00,1.214639806147854495e+00,-1.023278647789737317e+00,1.007692530428119015e+00,1.155426481611702361e+00,-8.278543433589309331e-01,2.063331903771424169e+00,-1.014249302614161685e+00,1.097250159197742159e+00,-2.333935944459752942e-01,1.916867432012270944e+00,-1.412054823070985066e+00,9.406756871200153691e-01,-1.603866079276889400e-01,8.933913776567685705e-01,4.469109608880182938e-01,-1.707684581162835849e-04,-4.745637961741721589e-01,-9.208110727098737236e-01,-1.847900180819062044e-01,-9.737081585333487999e-01,3.259115752751934547e+00,2.234186128715548225e+00,2.948836841254404373e+00,-1.605611053002782285e+00,-9.633962410979599600e-01,-8.967233954353438508e-01,5.885866132208679158e-01,-1.352843865598721385e+00,9.858855201037290961e-01,1.593649151522951612e+00,4.851507560603263713e-01,-1.983166520288099033e+00,4.033509007734479845e-01,-4.960997598956509158e+00,3.976697639188377376e-01,-4.564828074365329114e-01,-5.517673320857150454e-01,-2.869092312256177113e+00,2.757634256475082424e+00,2.042738086375644191e-01,9.841602101009517822e-01,2.749581630686289468e+00,-2.105236390165405425e+00,-2.162093079673571339e+00,-3.261647840482176375e-01,5.441595813015870364e-03,-1.113066120577264950e+00,-1.138545353034427166e+00,2.198552751940978212e+00,3.396933466450432260e+00,-5.936538895988435760e-01,-4.261072034824425203e-01,-3.064791992408864019e-01,3.724899440442418497e-01,6.200976230190895500e-01,6.651421043570254765e-01,1.780064875812359837e+00,-7.472411738732285258e-01,-8.197617647201597135e-01,-1.114682083000342327e+00,2.007992276170091905e+00,1.284810429760305350e+00,-2.236956883954701159e+00,1.793280020288625931e-01,1.797043551300797182e+00,-5.233228168302295202e-01,-3.477202906881262212e+00,-9.129577668667390178e-01,-2.999246050544640899e-02,1.154916671827730168e+00,2.303305086982419869e+00,-8.818470566202036842e-01,9.536208815529336746e-01,-1.619135616265152677e+00,1.178193906006301583e+00,-3.749510140878102860e-01,4.221971830992742869e-01,-4.080606249963910637e-01,-3.799350339510473296e-01,2.635237062083356285e+00,-2.195736057233323157e-01,-2.195998286507997221e+00,-1.150417958793291673e+00,-1.297694419811405098e+00,-2.075196427408700028e+00,6.201210889630140999e-01,-6.805162797426280719e-01,1.170803799051211014e+00,3.866346404158314820e-02,-2.191365229802724190e+00,-6.191473556156469327e-01,-4.934349478707701908e-01,1.078189286292400517e+00,-9.206610750918564623e-01,2.009012024828322307e+00,1.202860639082614647e+00,-2.019322504695208131e+00,3.040075366184984862e+00,-5.076364634334337156e-01,1.950103601028010614e+00,-2.346572011451138806e+00,5.562798596122757733e-01,2.444312941285216034e+00,-4.880954193497498150e-01,1.146121475610751617e+00,1.590661943416832091e+00,-1.873051931169852358e-01,1.594468191364441179e+00,4.753627903411757893e-01,-9.609233192210240304e-01,-5.256257202312484278e-01,2.708035322792534227e+00,-5.163387981259838222e-01,2.314260564410038246e+00,6.276135104085412975e-01,2.642363093197225288e-01,6.174046603877916262e-01,3.820479021126607644e-01,2.104837338018008985e+00,-6.189852728439223517e-01,-3.202140364521329774e-01,1.377534844616835397e+00,5.755068999052874723e-01,-7.982577681630051991e-01,-2.615289432837376360e+00,-2.279629160772176089e-01,-7.540190737104270902e-01,1.277698373356514372e+00,-9.285179222776114294e-01,1.098553264651490169e+00,6.310309337030882704e-01,-2.293710761670447074e+00,5.584827923127487992e+00,1.279630697812841778e+00,4.004166140234724480e+02
9.698322625193431801e-01,3.140144024869755413e-01,9.350290501730507131e-02,-2.665342661046095962e+00,9.924322290578067030e-01,-7.441716101011585094e-01,-1.799242807169330272e+00,1.001637974392264319e+00,9.373064277505396280e-01,-1.935611617184316513e+00,-4.625879409809072751e-01,1.629786132303588930e+00,2.169063813905151239e+00,-1.677746354475345703e-01,2.494238036411032144e+00,-1.441377085667535862e+00,6.067022769115907321e-01,8.128703462007994540e-01,-8.861110970584282764e-01,-2.216292803701695568e+00,3.061925489377600673e+00,1.099848616565457737e+00,5.563788523912574502e-02,-1.801598581017914258e+00,1.694527802344517609e+00,4.677240951217911391e-01,2.401305156003159524e+00,-6.497374533410273101e-02,1.236291839327637199e+00,-1.915073003717268962e+00,-1.693896225799298438e+00,-1.324290582924362025e-01,-1.155164405869979927e+00,1.052724744251410660e-01,5.376960707328251043e-01,1.604280973020114853e+00,2.050858957438294605e-01,-1.582309103901173408e+00,-7.397041745391926826e-01,9.024090039973807764e-01,-1.964391894621807300e+00,1.583235160098527494e+00,6.390623722701862519e-01,-1.864035483672737303e+00,9.520888464879772028e-01,3.649669995018928859e+00,1.075966836322654885e+00,8.103981648097849932e-01,-1.166853263308619937e+00,-2.286639139677816068e+00,1.414467043215026365e+00,1.846439998284466366e+00,-3.570437270206041624e-01,-3.370382453352941621e+00,-2.080007478278674604e+00,4.681495437866019849e+00,-5.562931832302399071e-01,-1.949543907328581183e+00,-1.195676396660960261e+00,1.367742535986201657e+00,-3.467718590221282038e-01,-1.303615802078610830e+00,-4.799465965164333991e-01,-1.604398245740580320e+00,1.785404062423731952e+00,8.128310135762897293e-01,-6.215068039086443230e-01,2.321000532147569295e+00,-3.914834796433061537e-01,1.395917541770133496e+00,4.845292518698881556e-01,4.705413717425566134e-02,-1.330004453890178739e+00,3.736887339151829801e-01,1.464020415103321815e+00,2.543777466079262251e-01,1.139653686476222449e-01,-9.057614684546555495e-02,-1.099935773729291272e-01,-5.531839487056928739e-01,4.317765551842859262e-01,-7.918543105156589101e-01,3.554037568030547600e+00,2.355517569167919323e+00,2.300712226976519226e+00,-1.036505285110184804e+00,-3.269680699951183378e+00,-4.230191547988590428e-01,9.873703580987703843e-01,-1.375171135627804464e+00,1.223538778021483697e+00,1.677916133857796588e+00,3.379046250880744506e-01,-2.206945239092377609e+00,-1.854953113089100381e+00,-2.253990278167182115e+00,-1.125012906938540391e+00,-5.702739252470585551e-01,-3.123432278064467993e-01,-2.357244214917190828e+00,5.320295988066023884e-01,3.055703495605863185e-01,1.869858368347316890e-01,2.778174726602918643e+00,-2.494326091605148843e+00,-2.471695386223530022e+00,1.265721273452244278e+00,1.767411713451770172e+00,-2.341624181503207502e+00,4.680386384513817166e-01,1.578156900900500759e+00,2.710048786552082589e+00,-1.065154642733239454e+00,-1.652914921554922145e+00,8.543554627643896726e-01,6.098900241836480163e-01,4.257966761531611910e-01,-1.917037908759912979e+00,2.192805436089611426e+00,-9.546666219145277799e-01,2.377960108522409577e+00,-1.190534148790423963e+00,1.402959955784882640e+00,1.267935335970736377e+00,-3.460828435265125069e+00,9.878048326015397007e-02,2.856714634729152352e-02,2.557630943071795282e-01,-3.011053472771199058e+00,5.438721683128909801e-01,7.140006153586238025e-01,1.488207922422892127e+00,1.568714722761739511e+00,2.704432878932309103e-01,-7.532688705950061347e-01,1.679977833685610267e-01,1.163322353397514330e+00,1.983551425582461281e-01,-7.548252175142390330e-01,-5.617324206135213549e-01,1.300041915918332680e-01,3.011261418686929758e+00,-1.407972577214834098e-01,-2.115577792622389097e+00,-5.933571083751951747e-01,-1.242857239344807407e+00,-1.046822657776009580e+00,2.908863183850570189e-01,-6.826551932781539378e-01,1.138305385832691474e+00,-8.973056340582338253e-01,-1.242930834807610907e+00,-2.252292715408448498e-01,-1.518403352558322483e+00,1.382637208604790668e+00,-6.879033114072550248e-01,6.828958012334752636e-01,1.698392625134267364e+00,-2.834601245559486227e+00,3.202735302158722597e+00,-3.604337047113952419e-01,8.947953460944721993e-01,-2.658058433183803526e+00,-3.146585207035156873e-01,2.447552502666961782e+00,-1.037738870390956913e+00,5.877984660144599527e-01,1.359301967272475320e+00,-2.657671455576767205e-01,1.854009626061880134e+00,1.191087380975230481e+00,-9.953560645961966324e-01,-9.203050468951098351e-01,2.686981558452937957e+00,-1.657490792190984552e-01,2.072433483162468892e+00,9.652669325524624311e-01,-1.046132183695671625e-01,2.946742841561624249e-01,6.792491863829295262e-01,9.963712793068124629e-01,4.490504438665776643e-03,1.409962757153201962e-01,6.605306433199354954e-01,1.853716276044684030e-01,-1.853755345216738348e+00,-2.621873889663949520e+00,-2.299208185908042656e-01,-1.645549142695822198e+00,-9.536152006441904749e-01,-4.245692811494120589e-01,1.135245940251823571e+00,4.631442885889456851e-01,-1.373732302558065221e+00,5.591471605429438441e+00,4.341244452055487812e+00,4.004575686806365411e+02
1.822846691753384207e-01,8.939399070867425356e-01,7.641428296297423373e-01,-2.515506720668765794e+00,7.119729360260812490e-01,-2.724076034801270474e-01,-1.838799440486124981e+00,1.255287882266261923e-01,2.103003552870783555e+00,-2.102537794880848576e+00,-2.925007169136966678e-01,2.066579723310957739e+00,2.365213536796457738e+00,-4.433650244097397941e-02,2.043682356538022660e+00,-1.288168660475154326e+00,-9.514222335900549554e-01,1.728129362234045674e+00,5.264372239754122607e-04,-2.003819490527151803e+00,2.452246251925050302e+00,1.350008085758193976e+00,2.652962898569791728e-01,-1.175080942105282800e+00,-1.367615920642491378e+00,8.513456458629847790e-01,2.769206172165262547e+00,-6.865819746743498930e-01,1.031037543479639940e+00,-1.362036632379292067e+00,-1.357698110779220313e+00,1.815701760009072740e-01,-1.802922188329580067e+00,3.737766421904638037e-01,1.411186997496577389e+00,1.027457425706783889e+00,6.497522340452218659e-01,-9.608977894921806318e-01,-6.178814513883248427e-01,6.871856723261027255e-01,-1.549963195169541397e+00,1.819821899252853870e+00,4.542236187414568360e-01,-1.980091652608353625e+00,5.610308191713964110e-01,3.182897041697554386e+00,1.017781972540424462e+00,8.593248738521004348e-01,-1.721207428665237016e+00,-1.199545537356486058e+00,1.215531043457395155e+00,1.901323908623166581e+00,-3.705813541195815408e-02,-3.455929100208237070e+00,-3.114496610291451972e+00,4.118704466887256110e+00,-1.088153579842465607e-01,-3.971122131812424572e-01,-1.010097595834341666e+00,1.418216931659604940e+00,-5.754819314235053440e-01,-9.204473257369387706e-01,1.453417411597935693e+00,-3.510466621722061475e-01,2.065743717131652168e+00,1.676422517607740303e+00,-1.041533611665775627e+00,2.425417220332291013e+00,-2.259099944515887137e-01,1.601741464633676504e+00,5.819982873048222816e-01,4.489605292164356998e-01,-1.218559300179558269e+00,1.960855863328011095e+00,-5.113300984713669006e-01,4.241384662720173448e-01,2.313257200577791828e+00,8.468157886809278834e-01,3.262768016414660521e-01,-1.091950449229090125e+00,1.231888404787424562e-01,-1.319630520395062900e+00,4.691918727013243640e+00,1.766067470775823489e+00,1.475012677890434887e+00,5.151367081359784494e-01,-1.484988400360533811e+00,-4.619817525648586276e-01,1.686803710192185779e+00,-1.427239045670969375e+00,1.099594089811111397e+00,1.863317156588102597e+00,1.026643919452016052e+00,-2.086953178484424853e+00,-7.956951896479133035e-01,-4.931065269506706095e+00,-1.361014728526001027e+00,-4.496538689416543222e-01,-1.376477335531838334e-02,-2.430479803857104937e+00,1.407808990925236037e+00,-3.653549032601545732e-01,2.985820324273487092e-01,2.418314300416920748e+00,-1.352249670553058447e+00,-2.870105438652642338e+00,-5.859497401354551993e-01,1.313817576599256021e-01,-1.127549538371305893e+00,-1.573280598160122112e+00,2.476792754520902751e+00,4.278791521751389659e+00,-5.454087218051523189e-01,-1.192624892984939677e+00,4.814776691495497030e-01,4.380366038951779561e-01,3.833597542122030299e-01,1.517475703120025443e+00,1.510554575312575976e+00,-1.043173058420659771e+00,2.601407179293059091e+00,-1.331419256391752848e+00,1.449812503304987121e+00,1.612652765615702588e+00,-3.218705651596940776e+00,6.452926080893005567e-01,1.765172298953445296e+00,-1.161739656775208629e-01,-3.897785984640932178e+00,-3.639552455380073992e-01,-3.466259403496850799e-01,9.203576729402268564e-02,2.213510277121120140e+00,-2.943790055733420119e-01,1.509107808574323251e+00,-1.924699489429782862e+00,1.670422313407335269e+00,-1.614083251286134724e-01,8.228721825598440676e-01,-1.113210069415497411e-01,5.512828920166347457e-02,2.768463132116775860e+00,6.477040436225399711e-01,-3.032760286491525736e+00,9.525446931805353623e-01,-1.113453297762795779e+00,-2.061447504052649204e+00,5.733856724989723208e-01,-2.264439668488899216e+00,5.192580650530669306e-01,-2.132235546060945897e+00,-2.215605439392161813e+00,-2.255045072300286557e-01,-6.043293947460629534e-01,8.294232054793349018e-01,-4.360304653776242989e-01,1.418147186590771991e+00,9.771310417547433014e-01,-2.831063237517409625e+00,3.260765004273792567e+00,-3.016436052516491273e-01,1.979489590809931698e+00,-2.548663804560777901e+00,4.665863422682947070e-01,2.872781896440076643e+00,-1.063516224770097995e+00,8.436694299017929444e-01,1.856267034978590802e+00,7.174962844952545993e-01,2.053801276127138919e+00,-1.232259153366558890e-01,-1.999249692758650609e-01,8.016875928250243033e-02,2.680946084752110714e+00,4.481294959806153555e-01,2.054897523260341252e+00,7.509876885399875412e-01,6.361972417230112864e-01,3.278486267976932766e-01,1.607586372804446218e-01,1.767552473511552424e+00,-2.606228628747864207e-01,-3.271695391535504593e-01,1.050759472566076047e+00,-4.608491874355218343e-01,-8.335952039779395140e-01,-3.024868109249161385e+00,5.021202294660641607e-01,-1.584231423880539724e+00,9.864330214895641324e-01,1.238552011066844372e-01,1.406200694483369817e+00,8.633152625554977311e-01,-1.032765690381147294e+00,4.751104273208444084e+00,3.501021508929993864e+00,4.005277715244209276e+02
-4.053978941773155875e-01,4.624767016251074003e-01,6.997727033143151809e-01,-2.537392461861340376e+00,7.327756553810638174e-01,-4.358079612630152422e-01,-1.002775295877565975e+00,1.300898599702962968e-02,2.007607993734737306e+00,-2.090016413452930433e+00,-1.116129015624920173e+00,2.100590925659637787e+00,2.559987578907916728e+00,-1.122969844848187293e-02,2.063068874918121409e+00,-7.527913694017602797e-01,1.692205785644808891e-01,9.199673989225501947e-01,-1.224256804503834672e+00,-6.023616468476000740e-01,2.274209103504928997e+00,-1.635754535497982998e-01,1.384041908119976405e+00,-1.090082123394006564e+00,-1.375243629979184812e+00,1.312464534032971697e+00,2.509139069924651633e+00,6.018556337018673985e-02,1.745385802906919803e+00,-2.574589453293282482e+00,-5.052253616825312932e-01,5.438726303601958412e-01,-1.946256694041387902e+00,-3.254549836380035699e-02,6.309022891618050188e-01,9.482528793587332583e-01,6.200349794237499657e-01,-1.146022324603320985e+00,-5.387920844993847602e-01,6.851786179450035652e-01,-1.602040000493260896e+00,1.968148400682520949e+00,1.338991678103293448e-03,-1.626289812171203941e+00,3.949008918856520278e-01,3.066372989820396633e+00,1.001740994959963604e+00,6.365138708587657623e-01,-2.079526963898866487e+00,-1.069387235693796123e+00,1.678305390765455041e+00,2.020694760281851021e+00,-8.175314669071043205e-01,-3.020401502338408761e+00,-2.831178449771973860e+00,4.353192073588862065e+00,1.133452326582521819e+00,-5.814472337993503714e-01,-7.432256745837521050e-01,-5.598513635292738932e-01,4.643049284410515343e-01,-1.109787497451344640e+00,1.671354705551287623e+00,8.846587247281531563e-02,1.453209143327230057e+00,7.192065249928817350e-01,-2.572125590787007754e-01,2.311176046396217210e+00,9.614396030095874179e-01,1.545390432643962475e+00,-2.101524542177040655e-01,4.769149211542323963e-01,-1.207582222338799971e+00,1.934709902462563136e+00,-1.981861594151365369e-01,4.296654052187262041e-01,2.328726442864892832e+00,3.808515254587062637e-01,4.511186779449231632e-01,-1.000801542927433063e+00,1.021815095098264292e+00,-1.002375350210059191e+00,4.589380681557501340e+00,2.053219805163011280e+00,2.604076357111807294e+00,-1.446501481507467934e+00,-2.822362596316476679e+00,-9.237006020639546566e-01,5.417444958563022439e-01,-1.256980616267209250e+00,1.045859222262166099e+00,2.151815138727142696e+00,1.492553463478120679e-01,-2.010469081690950954e+00,-1.426274109589125372e+00,-1.967888689254397860e+00,3.821225772571604229e-01,-7.532430001184450274e-01,-2.349919566069875176e-01,-2.431855796353037835e+00,2.493002539883084179e+00,4.311183443424443928e-01,2.408346889246827383e-01,2.848744168209041305e+00,-1.793421899982956536e+00,-2.669070871896873864e+00,-4.719270527569604523e-01,-4.410439007741625006e-01,-2.319730271732984850e+00,2.480596115609524643e-01,2.056023332065047171e+00,2.970922424887692870e+00,-1.019092386731162536e+00,1.356295294616675973e+00,3.956197696806694752e-01,8.134197559195531779e-01,-3.078162523800237471e-01,8.001482602845696457e-01,2.167492123319408659e+00,-9.695265965244072026e-01,1.923299537129946390e+00,-8.758334666718576855e-01,9.248481847472228567e-01,1.516315316525409740e+00,-2.156984445859634114e+00,1.225780793476669017e-03,1.889056625931151867e+00,5.503706895113449349e-01,-3.232985493225708939e+00,-8.893811321809098613e-01,2.644799280104881412e-01,1.834666741378094823e+00,1.563537351212268112e+00,-2.342914423717384342e-01,1.591086903614086001e+00,-1.643073103547008529e+00,1.351366293471344404e+00,1.623470970023563886e-01,4.869721379763757296e-01,-1.390598404831203672e-01,-9.883044183197314814e-01,2.652362837493771330e+00,-1.391025503663194662e-01,-1.342871466686202941e+00,-7.637314696499825084e-01,-1.225469075447902512e+00,-1.683796347377375158e+00,4.561201221033682196e-01,-7.666027127646626305e-01,1.031344823513036468e+00,-2.313801427220598228e+00,-1.927512959094265899e+00,-8.645959667492342238e-01,-7.321165942023130091e-01,1.866069286169971253e+00,-7.321945011869600561e-01,4.726519076422265320e-01,1.882791227984714766e+00,-2.840949512029698365e+00,3.189445052699866334e+00,-4.256703177602873533e-01,2.211115873879507809e+00,-2.210871262064919129e+00,-1.023649357371723134e-01,3.141877973860593087e+00,-1.174592719662500784e+00,1.217819165347294286e+00,1.513455690333585402e+00,-7.306333676571057367e-01,9.260204218393794928e-01,1.071614122791185952e+00,-1.195624875425293165e+00,-1.015416049884354521e+00,2.742222667345517895e+00,5.245292426248289452e-02,2.631983573573793311e+00,7.177918170037318468e-01,5.696510233965697001e-01,4.303601141953288245e-01,2.251019326357330819e-01,1.831402821438097517e+00,-4.539827420277816050e-01,2.479105908860250451e-01,1.034686894510566502e+00,1.877681293395297990e-01,-2.221526817875743465e+00,-3.259275662534725893e+00,-5.249652464320821998e-01,-1.650733656757145340e+00,7.655525861794003628e-01,-8.416074384290389565e-01,1.530823896114235527e+00,9.903017263545571547e-01,-1.605990325164851074e+00,4.268141687082376734e+00,1.449064472194807385e+00,4.006824819659278774e+02
2.291858951632592678e-01,3.880145817318044199e-01,1.339497698444817031e-01,-2.996019631489483359e+00,1.045679868619748154e+00,-5.145016440813315883e-01,-1.160066481845475117e+00,1.111220256764871239e+00,2.316941443180995819e+00,-1.999024347343710151e+00,-6.095986085098710205e-01,2.075953390353028727e+00,3.158411458362881952e+00,-4.051401593986391214e-01,1.934395049561469015e+00,-1.387850173354721051e+00,-1.027279859970317677e+00,9.425472630700090226e-01,-7.632286882669323536e-01,-2.224997577018383410e+00,2.229456301163513565e+00,2.095293283191505207e+00,1.067837754829115693e-01,-1.638686066869785574e+00,8.708017975812758493e-01,8.956303539525365398e-01,2.499283991449710474e+00,-8.247020622580638616e-01,1.342433124887736362e+00,-1.341719152285903105e+00,-1.382207111079627015e+00,1.137882593660504149e+00,-1.717030804087548379e+00,2.977330797624444525e-01,4.873461629156825015e-01,8.231335130884784856e-01,5.018987397143943596e-01,-7.778974032175449693e-01,-1.037481857138473851e+00,5.981337891079334668e-01,-1.410225325398136942e+00,1.160855444351523991e+00,8.792988028289169256e-01,-1.799809772175311018e+00,1.219843765092222254e+00,5.035753196563327094e+00,1.098320511511607478e+00,8.677726345711265221e-01,-5.507183484829586417e-01,-2.192110977153390650e+00,1.248927450996816679e+00,1.757529675717935946e+00,-4.630105851356395852e-01,-3.038280693491435258e+00,-3.321199861612578186e+00,4.353266901974737202e+00,-1.371523733116519761e+00,-1.116342090411791832e-01,-2.212718450821691274e-01,6.211440344680979608e-01,-1.848046085203776112e-01,-4.054621760917035411e-01,2.683442016293757781e-01,3.612856268943090976e-01,2.067183843227062390e+00,1.063465079719196016e+00,6.845981308932098663e-01,2.249296549371549769e+00,-3.469890666626569975e-01,1.636530772676814571e+00,5.879568718758438894e-01,1.382080136736802745e+00,-1.473140310676565479e+00,2.239716919574233078e-01,1.513340366945050031e+00,4.415798700794069664e-01,2.858321082922260725e+00,9.086960733930716794e-01,-1.560657617326741686e-01,-2.777105890593730142e-01,9.672558402016068202e-02,-1.044910660269607661e+00,3.589513210375542496e+00,2.024382999726059396e+00,2.477318015555568742e+00,-1.138890071463858789e+00,-3.031710234999586362e+00,-3.373410007962694968e-01,9.736553058929129367e-01,-1.223488737919480318e+00,3.010295967481664281e+00,1.952214519871772858e+00,8.305691344183135927e-01,-2.305259435001607127e+00,-1.537471614351710425e+00,-4.947999560341539649e+00,-1.416246705497210989e+00,-7.462251114556974763e-01,4.256481464073798293e-02,-2.476069336266891074e+00,1.344008683316400221e+00,1.888577084459325928e+00,4.635470060313875984e-01,2.487070559971493733e+00,-2.613203923709378707e+00,-1.432776529635663820e+00,1.312289279954575560e+00,1.962977576709188821e+00,-1.196697906412939050e+00,-1.644086600802539211e+00,1.701722721162467034e+00,3.581425441083683214e+00,-6.788375862774947977e-01,-8.987542162865047590e-01,1.105930208832071715e+00,5.867858676144472874e-01,4.990050742464115507e-01,1.523006010552424794e+00,2.346059861916296896e+00,-4.042737392655255668e-01,2.371119915209213058e+00,-1.377228001714299932e+00,6.654748525298260775e-01,1.620637014908352880e+00,-3.255483820952952190e+00,6.905980935895521533e-01,1.864128337958807169e+00,-3.106822464530555883e-01,-4.396158735336796575e+00,-5.979327594123916567e-01,-7.270766233795520339e-01,8.175009263149535244e-01,1.812256361840522967e+00,3.694063038224388307e-01,-7.761823772184121006e-01,-6.381858662765788059e-01,1.041020805187690801e+00,4.172086159130816707e-01,-8.042852547817014308e-01,-3.880494505147122908e-01,-1.408580531246837464e-01,2.485033467258100703e+00,3.059426204967669038e-01,-3.311878279220029420e+00,-8.997805958217353073e-01,-1.113604144799988038e+00,-1.511896356627637328e+00,4.231626256628563953e-01,-2.230449432591492531e+00,1.446428122260072502e-01,-9.030260456729851670e-01,-1.405495483300506665e+00,-5.666743599619652461e-01,-5.510725351042001785e-01,8.935953412893719028e-01,-2.070870472488066660e-01,8.677611580331318075e-01,1.952982803462281369e+00,-1.812183084064993288e+00,3.062538171109101981e+00,-3.532599308075635991e-02,2.348891602683848223e+00,-2.393268689762579893e+00,-2.213254831955142610e-01,2.753261695808458143e+00,-6.540949598646363938e-01,6.621761261060392645e-01,1.328852775868647251e+00,-1.824322790847671127e-01,6.584398549830323966e-02,1.008267311099400931e+00,-1.002725086941565147e+00,4.132137533884160108e-03,3.297051057622423897e+00,-3.001784573168852499e-01,2.367665874797829417e+00,1.020261308283261670e+00,-5.455809860672987399e-02,6.968801761662404282e-01,6.814864340803002962e-01,1.126326789218647650e-01,2.835960187118795051e-01,-3.643909212258343855e-01,4.605218964889238320e-01,-3.612999134361837283e-01,-9.545244948275721786e-01,-2.972096834128844289e+00,-1.381328405278441918e-01,4.396233139215663388e-01,1.137738401608619165e+00,-9.547688207722855314e-01,1.441114765572274026e+00,-1.725778885016569786e-02,-1.265194664354650111e+00,5.400802645723204343e+00,2.319847447912874117e+00,4.007487750417375310e+02
8.376789765660105913e-02,1.143900956291997062e+00,6.154030422520594401e-01,-2.774710931136142644e+00,1.009529444626807271e+00,-1.391180964632017902e+00,-1.740220824088126284e+00,-7.261453365609078781e-02,1.989940116709277840e+00,-2.072874482792131268e+00,-2.264544255630348002e-01,1.358848954495871730e+00,2.485364083743168528e+00,-7.763688804219953665e-01,-5.711771673045747955e-01,-1.259131804550835509e+00,-9.169021500086228516e-01,1.190354251235558269e+00,-1.844181457599230467e-01,-1.941927989906379493e+00,1.577292658052098950e+00,1.174327815636925454e+00,1.707310190915614923e-01,-1.121200135118373131e+00,-1.541493995084299851e+00,1.345948427556463933e+00,2.846896509582822699e+00,-1.869644731472553389e-01,2.643210384739253183e+00,-1.712951836402345718e+00,-1.017542843005830866e+00,8.722981769156602783e-02,-1.359229805866279728e+00,6.972952255946975875e-01,6.894027373106911272e-01,2.240747401727048338e+00,1.028304971055598926e+00,-1.088249114057745270e+00,2.374374676585467858e-01,4.471075718794810250e-01,-2.558640705071252963e+00,8.659425257109438778e-01,1.465455827317570181e+00,-1.492238371541883435e+00,1.161869978565424288e+00,4.669693905483677909e+00,2.152189399800279457e+00,7.879571505700376510e-02,-1.218534548709970577e+00,-2.174341814051909516e+00,1.269103025970191201e+00,1.728974917369767272e+00,-8.369027387183998190e-01,-3.131700345562833387e+00,-3.484258936571793086e+00,4.488655343887023363e+00,2.372887245250377558e-02,-9.621124466249232343e-01,-4.272345536684817868e-01,-2.679982906259787967e-01,-1.265469043640354840e+00,-4.739019072758405837e-01,3.092351743538848119e-01,-1.095137197582448790e-01,2.074656947629580639e+00,7.875520027302160830e-01,-1.564063015319048455e+00,2.507339810879633646e+00,1.229031157934318941e+00,1.793044518023350520e+00,-2.390747259163596539e+00,1.482032855201526722e+00,-1.788371294316105198e+00,6.027133784128857474e-01,4.337783145614704239e-01,3.803258906516536753e-01,-5.780467808260236762e-01,1.354103577237841527e-01,3.610377745222358992e-01,-1.107495668220454199e+00,-2.291040111369294918e-01,-1.092560443559822625e+00,3.871995751354924575e+00,2.220343016009056480e+00,1.645983629421760019e+00,-1.572308833359692848e+00,-1.992400362246298462e+00,-9.394791837889827635e-01,1.128701457226978455e+00,7.030811622642543224e-01,3.121568946737145023e+00,1.322309485360283032e+00,5.264927920615632972e-01,-1.998886170336091617e+00,1.159997497956996027e+00,-1.666451158021597490e+00,-1.586880589393545149e+00,-9.000758453438268969e-01,-2.356720319842418865e-01,-1.875436932231323572e+00,3.483440805724976830e+00,1.992224500214347715e+00,3.688527360448135006e-01,1.596135029066524380e+00,-1.925130163112539705e+00,-2.453742549688040508e+00,1.351266090625456329e+00,-1.688349290902362299e-01,-2.273679588052660794e+00,-6.768004131479994356e-01,2.832561217427133293e+00,2.244102688952938962e+00,-1.332391166791383474e+00,-1.335560997162680730e+00,1.619535409919860003e-01,1.194831496951070493e+00,5.377756098291295306e-01,-2.597846230737788087e+00,1.382117956565402039e+00,-1.102926829952431520e+00,-3.169054202884530325e-01,-8.809994152971721837e-01,1.015427519204178397e+00,1.776350362090497459e+00,-1.886278537330702276e+00,-2.290165655183936444e+00,1.857645173019520368e-01,-3.696723942420466202e-01,-3.146839611522746605e+00,6.512039038009405090e-01,1.495265288967565498e-01,-1.163936889586804357e-03,3.238630262384425418e+00,-1.196635280726446204e+00,7.559602859168493838e-01,-8.942239768821611534e-01,1.547667872190368277e+00,-5.432962764643742837e-01,7.715000187756948513e-01,-5.615498655397318517e-01,-4.267041826375032598e-01,2.606751546200366310e+00,-1.422349551586127303e-01,-1.714568536230364204e+00,8.570041183003287433e-01,-1.747875041520971617e+00,-1.478098478356627332e+00,9.471586499304834872e-01,-1.157219094549111649e+00,9.470656189493660282e-01,-2.035263433765255314e-01,-2.466748912782208425e+00,1.399777024042183349e-01,-4.054747053228711096e-01,8.665937076064579303e-01,4.206566772544437227e-02,1.071579458406561214e+00,4.499187663088858313e-01,-2.042448885526102043e+00,3.120695775315581955e+00,6.802010563860416692e-01,6.775978014627510593e-01,-2.004955444872166925e+00,-2.382509302720509439e-02,1.659729721270849945e+00,-1.299884302233214606e-01,8.698257232530186567e-01,1.904493614673213209e+00,8.110917947235913861e-01,1.982422141804883742e-01,7.821812295505259360e-01,-8.881431842508376029e-01,3.721943171456661426e-01,3.516000606264565675e+00,-3.915617832857302139e-01,1.002201586021259194e+00,4.865566501332143634e-01,4.536067073812574124e-01,1.343679083298682686e+00,3.240702136392663579e+00,1.408137164646198647e+00,-6.507380514060403520e-01,3.192715269956727386e-01,4.169063455777392568e-01,-9.561877716283403994e-03,-1.003357566589924366e+00,-3.465463246197568292e+00,7.495641378647208697e-01,5.530190557638136051e-01,1.267085768743207996e+00,-1.352695196398865596e+00,3.314156681571452934e-01,1.476374656067268365e+00,-2.061245589068424255e+00,4.811690997871382436e+00,2.491565259204913119e+00,4.007636262673107694e+02
3.754199340984535893e-01,7.333972768472489800e-01,8.070756295682425252e-01,-2.682433046405110488e+00,8.520394849508539092e-01,-1.212077285639678870e+00,-2.015024279100692262e+00,7.062125671148601624e-02,4.704817805916826079e-01,-7.012356777935794261e-01,-3.814902578131603716e-01,2.191697018198146996e+00,3.093551939365699610e+00,-5.704180048322301383e-02,2.386977092954028379e+00,-1.200630511338558026e+00,-1.110928210972887964e+00,1.105537813472502240e+00,-5.680638823222079470e-01,-1.249633103903904918e-01,2.677908211150313633e+00,6.371508176145732616e-01,-1.744320791836131423e-01,-1.598638255305989908e+00,-1.442222456170641598e+00,1.606306748049834532e+00,5.149663253227738657e-01,-6.734677251462323211e-01,2.664161571446574062e+00,-2.112169969264363623e+00,-1.309185293513095205e+00,3.771411167938545361e-01,-1.259999769299063210e+00,5.569907485828641258e-01,6.653701730753069921e-01,1.472424041816041917e+00,9.580907766459607622e-01,-1.415206093759310058e+00,-7.978294687533139529e-01,5.978058733058498886e-01,-2.276365370543734556e+00,1.737692923355137253e+00,1.127661774179335552e+00,-1.562664998175086639e+00,1.385155758572911955e+00,4.553829564695694110e+00,2.100320234063983715e+00,1.009384253464309156e+00,-1.190037553117550884e+00,-1.746930076877196925e+00,-5.054202727525284461e-02,2.342037753575466397e+00,-5.685376958199939157e-01,-3.008575197567710635e+00,-3.320171227197008523e+00,1.640301404027625143e+00,-2.656566277890099470e-01,-1.026863075076161369e+00,-1.972966446807109753e+00,1.291828119287613763e+00,-6.254728549010326599e-01,-1.698492174401041721e-01,4.146823252763551793e-01,1.535077262691205147e-01,2.617438866030432632e+00,8.275642959166079615e-01,-1.615563527498931506e+00,2.536362047044812940e+00,1.108111044633939946e+00,2.439146266315102451e+00,-2.321732219960815247e+00,7.282584406273329147e-01,-8.605287324487600475e-01,6.013660336866464284e-01,9.725276422866147019e-02,2.626263004391548028e-01,4.262826387652746130e-01,3.848933106196011922e-02,6.996734420856510761e-01,-9.647885016323575202e-01,-1.637323513306878642e-01,-1.025044641894708786e+00,4.428515059297746248e+00,2.125356396528553127e+00,3.206059795032524029e+00,-1.494759439154082603e+00,-3.112976741203645759e+00,-3.624098178035645712e-01,8.571822742195757128e-01,-1.652982064568331300e+00,3.198664325289408250e+00,1.582982869773551737e+00,4.517113789872531648e-01,-1.907210617448474865e+00,8.562378656977387426e-01,-1.732570393631898353e+00,-7.711683997059859408e-01,-7.414507470524627220e-01,-4.183792292073913455e-01,-1.630378524621717728e+00,3.315352152989016865e+00,2.070895201241797157e+00,4.454725755875580950e-01,1.620647014988267021e+00,-1.130957392469121414e+00,-2.623552362737925137e+00,-1.160349642500377310e-02,-1.029492794929793981e-01,-2.226830138429519490e+00,-4.203489439782566173e-01,2.622401019006741052e+00,3.017646668583802150e+00,-1.537625127395253699e+00,-5.298682217838524000e-03,2.206027095201612553e+00,2.633477090337441040e-01,3.316236822569342824e-01,-2.598480679007231231e+00,1.084000526504461659e+00,-7.500477093629621672e-01,-3.580603898169320565e-01,-1.483136069228513154e+00,3.648875642440304379e+00,1.398084201296033502e+00,-2.223087616876589845e+00,-2.103718425606531550e+00,3.515004593909672459e-01,4.429509194346943346e-01,-2.896515051706826327e+00,-2.363953892593937400e-01,4.672434355689935037e-01,-3.261328782894458433e-02,3.045297506492329997e+00,8.254953764343145872e-01,8.366024612898381729e-01,-1.441767547117185577e+00,1.675778640293619892e+00,4.099202896990495476e-02,-8.513335192661969364e-01,-2.747034388257506288e-02,-2.453549867420154462e-01,3.231705727201296341e+00,3.980733982757067024e-01,-2.481682528604087778e+00,-8.197133518255793616e-01,-1.639605956191230396e+00,-2.261986076471496521e+00,5.708953455434810920e-01,-1.161060919768503563e+00,7.083412313988344255e-01,-5.146608624550839117e-01,-1.261232822428152822e+00,3.253480156078370489e-01,-1.189993434270888883e+00,7.995295227120977621e-01,-1.415190682121503452e+00,1.396878013364479143e+00,6.298762023974373570e-01,-1.775088871962736903e+00,3.246684097797124746e+00,3.499474288687273726e-01,8.352308593287416372e-01,-2.098343501236521913e+00,-2.332910752379772634e-01,2.822134468313857614e+00,-8.667595173661642172e-02,6.386565730865823021e-01,4.043352601748331221e-01,8.716264968465416985e-01,3.208729173035157478e-01,8.155745191751262446e-01,-1.175487287838137274e+00,5.011830088005736483e-01,2.966251875960201456e+00,-4.525398068430877552e-01,2.212459809223936258e+00,7.816402403099784735e-01,7.475322414147449468e-01,5.653507864348659151e-01,3.067969786869795712e+00,1.838030179208352655e+00,2.406327624588149305e-01,1.305084373509728668e-01,5.007108507753509352e-01,1.458814475749626027e-01,-1.191360613778697397e+00,-2.879602817896827371e+00,8.292882099844848254e-01,-7.788417150269384415e-01,8.707825739691432698e-01,-6.431686722104081877e-01,1.271083089980315828e+00,7.932866187360367860e-01,-2.264810001043619625e+00,5.392999324609300871e+00,1.293709107842559547e+00,4.007760205134995886e+02
6.620366625485823997e-02,4.602649895022843940e-01,2.645631724234973614e-01,-2.210308425551010814e+00,1.010300275425091820e+00,-8.767833756069831619e-01,-1.728796721370038370e+00,6.207264948621508127e-01,1.159435076477939974e+00,-1.858695688789790079e+00,-2.885264964547203381e-01,1.297973808963812647e+00,2.447667006765462006e+00,-2.634789137283342075e-01,1.766692561143892448e-01,1.311605205675898944e-01,5.314218297311105177e-01,7.988916578644678079e-01,-7.898392407676984028e-01,-1.801422286807495166e+00,1.558703272768680481e+00,8.900656725888062004e-01,1.742876499573252858e+00,-1.696871272742653369e+00,7.405898027004387263e-01,1.263607143377572628e+00,2.562967534356226373e+00,-4.585796356889955683e-01,1.979823088598783087e+00,-1.717970913882990613e+00,-9.700934238643883489e-01,1.420241489108067023e+00,-1.716577846163072962e+00,1.734642653745940288e+00,1.148129990606633566e+00,2.397556084767177964e+00,1.081925549880504989e-01,-1.169941547898709189e+00,-4.420315633689019807e-01,9.077338223315803978e-01,-1.589755092019518923e+00,1.070238955070673015e+00,1.564973243711124118e+00,-1.713742807878256391e+00,1.224478684668604878e+00,3.469949275578967374e+00,1.198451379548838736e+00,9.685645084257429316e-01,-1.605170765540893107e+00,-2.134115018702679389e+00,1.666811686328870001e+00,1.953592824013277829e+00,1.250471509468127906e-01,-3.097523904165134123e+00,-2.944736262502450685e+00,3.356780815554250896e+00,7.119772564623477740e-02,-1.890075521821940718e+00,-7.445125406295415305e-01,-3.068282811715527525e-01,-1.566783425765314153e+00,-3.916143622960072124e-01,1.591890552209805909e+00,4.463223864115291317e-02,2.142461057423061810e+00,1.158589228911716784e+00,-3.846688166788745367e-01,1.957478875527961959e+00,8.266018086551237820e-01,1.623382188888123689e+00,-2.125083107675141303e+00,2.138200425196358889e+00,-1.571472897110240963e+00,8.156186461375937169e-01,-5.582123206157932338e-02,3.423405675211097510e-01,2.441899530363932591e+00,8.922255107304761790e-01,1.860622198615155543e-01,-7.419226157201506133e-01,1.012933819665432056e+00,-1.029626998773238267e+00,3.584453226280456484e+00,1.798514836353089397e+00,3.109325015323963992e+00,8.715540512261293893e-01,-1.997359837522677983e+00,-1.981186314798367154e-01,1.817142565854574787e+00,-1.324457062026247245e+00,2.863852305433263634e+00,1.673896745589849244e+00,2.528315303237650968e-01,-2.341613349260644128e+00,1.086333142912261351e+00,-1.292036139255755112e+00,-1.347481074928571498e+00,-6.586521407289396279e-01,-5.012431759300502998e-01,-1.764246253268966003e+00,3.023606518955291644e+00,2.251859303894299114e+00,9.452587335313128447e-02,2.765938232351905057e+00,-1.624421945823996793e+00,-2.739819291273342117e+00,1.170752064767146272e-01,-1.269796909837805909e-01,-2.302197060724517019e+00,-6.877297040318706145e-01,1.944926064754907591e+00,1.922296537363088698e+00,-7.816509187634981259e-01,-1.575225296042364276e+00,3.457924121772396053e-01,1.334694945900246843e+00,6.433060820287623827e-01,-2.753502626880322879e+00,-3.338172994498461721e-01,-4.122782963206401696e-01,-6.898382068208392948e-01,-8.754872436582465944e-01,1.173018766027045912e+00,1.162379628191304359e+00,-1.524371553944672719e+00,9.420011894487934079e-02,-3.863967871563514511e-02,-3.364813216890209513e-01,-3.009179151091530890e+00,1.812959681495092124e-01,8.261207418233462718e-01,4.071538883048655966e-01,3.275656419048332602e+00,-1.035564340579178566e+00,7.113185976779823338e-01,-4.067807698401414429e-01,1.318942057431845782e+00,-4.945614460602896362e-02,-9.970717849761917551e-01,2.006483527452675164e-01,2.379546184363824646e-01,2.477367524643849350e+00,2.342391477067525263e-01,-6.267034177877790491e-01,-9.391520943791948905e-01,-1.077871044643718967e+00,-1.924760601030161888e+00,-3.076434601587352269e-01,-2.872084838447720445e-01,8.437940084353496850e-01,-1.881724743193330940e-01,-1.176385421721890978e+00,1.504577969562316819e-01,-1.063139375548882493e+00,1.109971027766574192e+00,3.817041130676911143e-02,5.997381063578843818e-01,1.905822056772475070e+00,-2.217866126781992797e+00,3.476594175958358512e+00,8.218973042632378156e-01,6.096942342522280178e-01,-2.324615595702360871e+00,2.456660241993467997e-01,2.810518441494291420e+00,3.464376405283996485e-01,3.337589528130109340e-01,1.820983467365369091e+00,3.497149330482778318e-01,1.570260979280278191e+00,-2.790243712985707170e-01,-4.956324032148640146e-01,7.122319849913043566e-01,3.570510137365639824e+00,-2.904031719393562749e-01,2.331063389662625163e+00,9.970760115173621374e-01,4.049240603443594044e-01,3.689956556374377472e-01,3.141642599070590514e+00,1.977394838384830322e+00,-9.953861223952719106e-01,-2.677735679530625079e-01,1.451859277145416183e+00,-1.113274212481762504e+00,-1.077084688714851080e+00,-2.679978314547478480e+00,-4.719368633040068040e-01,-1.588883899056378723e+00,1.459101033494416111e+00,-7.859250372175049515e-01,9.232685370147587500e-01,1.391048775927392178e+00,-1.256830387817021721e+00,4.820882744858891122e+00,2.122048239509585876e+00,4.008320580741933554e+02
-3.185546202083318346e-02,3.600539799454947620e-01,2.520334211558711290e-01,-2.658928094636593187e+00,8.067408859499133333e-01,-9.730474964894563206e-01,-8.494074817122438947e-01,-6.286936407544498895e-01,1.213071113111663824e+00,-1.083955647643346232e-01,-5.291312848064315677e-01,1.843551264853394045e+00,2.129011052470697773e+00,-4.170218292559387252e-01,-2.994409330109930323e-02,-1.424494487832760337e+00,-1.231285733926257953e+00,1.528463674310900799e+00,-5.561950203601205844e-01,-1.918204313883752787e+00,2.267032600470658021e+00,1.144295228161634093e+00,4.735015906736022573e-01,-1.850815640214574564e+00,6.545616097362727537e-01,3.666389112600701439e-01,2.237115828743578838e+00,-3.904693974264336065e-01,1.839957869063679752e+00,-2.018032664415830624e+00,-1.067142123137017062e+00,2.937487613796472274e-01,-9.561062701590633539e-01,8.114843752564045998e-01,5.775154137166144119e-01,1.878413259751595232e+00,-3.337785396404358562e-01,-9.842731852293249428e-01,-6.041616003717595884e-01,4.749910456930932501e-01,-1.375082961201253395e+00,1.759972216869188699e+00,7.533784605344656660e-01,-2.036544872870308609e+00,1.283675261344931373e+00,4.695758437045162381e+00,1.159155301090617263e+00,9.447476945583628272e-01,-1.521468800393000365e+00,-1.458237799705058846e+00,3.008457148683201243e-01,1.870988670104507756e+00,-1.541094341867074169e-01,-2.941366884558934025e+00,-2.977403877929686971e+00,3.456960488168594914e+00,-1.110193227730372101e+00,-2.391873968304762954e+00,-6.164169952739764202e-01,-1.889052074793879654e-01,4.808740447861904466e-01,-1.279752083581264799e-01,1.137484585541451043e+00,-4.784201854976700141e-01,1.475158835368793220e+00,1.055417486640365388e+00,-5.161397541778338649e-01,2.455131745041065905e+00,5.409642696210795743e-01,5.507494688050099674e-01,7.381967184366758916e-01,2.157960586013774495e+00,-7.366017693908729624e-01,7.001064409274085909e-01,1.478370337814846280e+00,3.762625489676163504e-01,2.369805059808575365e+00,8.471947671161537130e-01,5.336925189992662855e-01,-7.072723737323950433e-01,1.029227688648876482e+00,-1.035867904514839566e+00,3.614826707840326669e+00,2.425482558093125185e+00,1.913974150423160880e+00,1.912801309807460881e-01,-2.963009479896907550e+00,-1.012861384397788278e+00,1.346063828267635820e+00,-1.214037598572851095e+00,3.153696551165522166e+00,1.672920260791721514e+00,5.715429326586355385e-01,-1.851901995883411089e+00,2.982739810599006614e-01,-4.440326381938889178e+00,-1.926304607999668406e+00,-1.112096315131284152e+00,5.498267813074524391e-01,-2.213720464160328305e+00,3.166933714354703611e+00,2.394030571703882337e-01,1.317448980661061753e-01,2.753985893203305224e+00,-1.256373923306305818e+00,-3.009744189045857610e+00,-4.572125345873288005e-01,-3.194884121186185033e-01,-1.927432117358755637e+00,-1.018179466080829654e+00,2.171492580803962902e+00,1.811013110806102944e+00,-8.891012718786434066e-01,-1.466526895679352238e+00,1.795362901786197396e+00,4.021995257958455028e-01,1.255743896040787178e+00,-2.444574699948815599e+00,-3.076373772587457367e-01,-7.582069609146340206e-01,-6.230272064476036764e-01,-1.805307884433027033e+00,1.098379120975251588e+00,1.116703326296327070e+00,-1.925253294878005006e+00,1.843254220107164998e-01,2.127814000484957280e+00,1.679672514497614899e-01,-2.431053631532216208e+00,-6.212567009173495247e-01,8.531263350556128611e-02,7.617604805415012503e-01,3.266758980367450604e+00,-3.010851711856025181e-01,1.640686306123699811e+00,-1.852344540733900979e+00,1.019381246878739322e+00,-3.125545630595041174e-02,-8.237013673814883585e-01,2.560815995805268419e-01,2.542408875870343921e-01,2.857926621595997752e+00,3.202121840054938384e-01,-2.683286445786206009e+00,-6.826739079981677394e-01,-9.532029462130714448e-01,-1.975758190797438862e+00,8.039989849608160100e-01,-9.267528051125576427e-01,5.728672023362011423e-01,-1.870583812017692082e-01,-2.392109391912607297e+00,-9.230938718793660347e-02,-1.948691499018232687e+00,1.534271463135055136e+00,-4.992364483860347590e-01,1.147472610914247682e+00,1.809260095936295887e+00,-2.171906832102861618e+00,7.669552725528884229e-01,-1.493758448846747300e-01,2.352105613254816152e+00,-2.260311564861006151e+00,9.835286351170050012e-02,2.361220913088102780e+00,4.513729755252844922e-01,1.195716078485590028e+00,1.653995689543149794e+00,-7.023307293015503827e-01,1.732032349201378496e+00,1.111227399791246129e-01,-8.393123112741804892e-01,2.276692872453797145e-01,2.896479738823890759e+00,-2.961225540748865792e-01,1.780902268210297068e+00,7.913776866651444086e-01,5.665672379854007623e-01,3.988783331421131284e-01,3.003910452203909287e+00,2.071521498144104800e+00,-2.900162734828599653e-01,3.754298210016276949e-01,1.380153210830470378e+00,2.917022027380304361e-01,-1.212693869012812620e+00,-2.528154249140007526e+00,-9.331585045889216889e-01,-1.914392251675222756e+00,6.018183538718275827e-01,-8.726681394505433342e-01,1.385527512460724919e+00,1.606614971064577402e+00,-1.501800666334170087e+00,4.737086497131636875e+00,2.012034741217343825e+00,4.008594027172830465e+02
5.284704159427049408e-01,7.635463130011814759e-01,2.040852867307244023e-01,-2.617512388734238193e+00,9.716544041047785463e-01,6.370741147874771082e-01,-1.629504545259021331e+00,-4.952961056410573604e-01,9.305094289715127864e-01,-6.886908789062862191e-01,-3.418366716530291116e-01,1.364527264472092494e+00,2.198328400572004515e+00,1.092411624521934244e-02,4.722482706315101475e-01,1.878357550025490375e-01,3.131850254276123957e-01,1.091460549125499169e+00,-1.008406186917455871e+00,-2.265261590964007254e+00,2.097119708161955032e+00,8.228117046916075816e-01,1.908060719955068929e-01,-2.316731017565595071e-03,-1.197173797604521583e+00,8.737855001255536713e-01,2.662507302760265482e+00,-5.856902555062490912e-01,1.739060504159534393e+00,-2.176239280415130484e+00,-9.439023695234605160e-01,-3.046458812887429743e-02,-1.771104402934148059e+00,2.015578994776736632e-01,3.322670345418883842e-01,1.495453407659579348e+00,9.461991112344478871e-01,-1.440929202553299371e+00,-8.775819766315517967e-01,2.421716693101922502e+00,-2.534977535306996543e+00,7.546889968199907983e-01,1.315026757971118121e+00,-1.740952855333939731e+00,1.181614224345542530e+00,4.804272394051338324e+00,3.920033721502910740e-01,1.281401561031301650e+00,-1.046903083958452996e+00,-1.570965684050508182e+00,-4.870470511300606375e-02,2.064871401913916493e+00,-1.828569608915950662e+00,-3.398035102247109140e+00,-3.361109302256931830e+00,4.952401481168244857e+00,-1.869192968807043345e-02,-1.112021915763041768e+00,-2.040648656858342846e+00,1.107591581260741531e+00,-4.805596608788572088e-01,-2.142883496339111071e-01,1.248839248842924077e+00,-7.568769398115638980e-01,1.092519173034054214e+00,9.238689957377567152e-01,-6.097120136591245299e-01,2.325475787654682769e+00,-8.686718797253942803e-01,1.188527982424268714e+00,-3.865430232987364656e-01,1.903163102779743987e+00,-2.903906580955095129e-01,8.596714050214627756e-01,-6.080226072102459800e-02,8.325630764376142912e-01,3.856296430598000757e-01,-1.047474078699493077e-02,1.737425539372597361e-01,-8.494739495273687657e-01,8.295500346099317079e-01,-1.104998597788150683e+00,4.433561748332262908e+00,2.248285806796304964e+00,3.263811287653701765e+00,-1.799654679213376074e+00,-1.057834226181940451e+00,-4.213234640397191533e-01,7.876809710190664227e-01,-1.257269872367792862e+00,2.778209664523159539e+00,1.896668769879072514e+00,5.556002705879852233e-01,-2.117134493072668544e+00,3.294679642309147338e-01,-4.821379026436612314e+00,-9.148830857087540958e-01,-7.710988203738992075e-01,-5.858729461705887154e-01,-1.718438170481208394e+00,3.954109163822770778e+00,2.260682425391779660e+00,1.942476575334307343e-01,2.799230090143123295e+00,-2.351447911460013085e+00,-2.080636409984158330e+00,-9.587438529180448976e-02,-4.238500307241611642e-01,-2.105353479646890236e+00,-1.000434742027823898e+00,1.449484028510715339e+00,4.362765704842773928e+00,-7.379154378806653813e-01,-1.291627110729083983e+00,-6.726293692578230732e-02,1.745426519463278148e-01,1.511696233198667638e+00,1.105521988151697332e+00,2.341587772658991540e+00,-6.883077906760876052e-01,-5.390430831916049881e-01,-1.471744613284218017e+00,1.148940199503031723e+00,1.230553045668551171e+00,-2.178300409738978427e+00,1.806188568606155731e-01,1.258684980176118240e-01,6.215122025102178815e-01,-3.132867150612723695e+00,-2.718920581155473415e-01,-6.189020165693138731e-01,1.319330129039655741e+00,3.112272244664647136e+00,7.098788148145974697e-01,7.185483437699086151e-01,-1.432405441937949719e+00,9.655056857210689847e-01,-3.817727199705423652e-02,2.569513918966994104e-01,2.676325800943323285e-01,-1.458093354080186033e-01,2.727743493298835809e+00,3.021412608384220211e-01,-2.730428202475611243e+00,-7.122806512445370997e-01,-1.137067783510490981e+00,-2.078395135151584583e+00,4.491760561777478622e-01,-7.420600837035390418e-01,7.666678281128816996e-01,-1.134516206698789748e-01,-1.158686188031693431e+00,-6.690984313725176769e-01,-9.760316746553655554e-01,9.090188711852201786e-01,-8.017775166695040312e-01,1.737097403235573712e+00,1.736270623354259746e+00,-1.834570774488477163e+00,3.143153584522473398e+00,2.889094887509185416e-01,1.096503452776067533e+00,-2.320099040014166558e+00,3.141017566712604459e-01,2.089825796572172045e+00,5.831666016006329389e-01,1.380773751556149564e+00,1.603562976714000721e+00,-2.734048735212069037e-01,4.432988104268292817e-01,4.064898303561481074e-01,-1.136459204582995763e+00,3.518028060148864489e-01,3.143069272810433024e+00,6.589397838833415122e-01,2.303808054806006478e+00,5.672571392684727654e-01,4.810348063256906226e-01,1.370465949611662793e-01,3.076181745132843037e+00,1.506584807280271221e-01,-6.970876563206985788e-01,7.039835537375873642e-01,5.779106678815416620e-01,-2.461723710285231015e-01,-9.824976788503921865e-01,-2.879294374492625153e+00,1.439285725618034972e-01,-8.617764866246268030e-01,1.226579407180727888e+00,-9.907996440031321406e-01,6.448690109725077058e-01,-1.571711492471521421e+00,-1.161204192729785367e+00,5.426288960468606426e+00,2.289217140076404977e+00,4.008661108825157271e+02
-1.644057555538362969e-01,1.193871775288380732e+00,7.670625115827699458e-01,-3.105662007863166707e+00,1.304556091852774768e+00,-8.813372131623378736e-02,-2.286472326855671700e+00,1.675700978719747991e-01,1.968517320883168553e+00,-1.137841383120639316e+00,-1.042249802276305898e-01,1.040874642011803353e+00,2.216431038489454330e+00,-7.143204280234766168e-02,5.053387942804006272e-01,-2.536090496702035346e-01,8.523915863137750959e-01,1.400525920219959142e+00,-1.244093703656810268e+00,-2.311940736569834343e+00,2.142442874844900480e+00,1.490571186746293630e+00,1.172613071630396853e+00,-1.560396732444724099e+00,1.958496314111736192e+00,1.172171372543210133e+00,2.775903560028144312e+00,-4.872537010232021182e-02,2.961358791238207999e+00,-2.039780669831070092e+00,-7.972961317984317287e-01,-1.137969260270052518e-01,-1.290213480960556325e+00,-2.059287682501264038e-01,4.432501248319233866e-01,1.254749048351173180e+00,1.096012715401505799e+00,-1.308791814202067139e+00,-3.555829837888203060e-01,1.384189935299014740e-01,-1.675593447267329061e+00,9.715525953873984655e-01,9.824257528322761779e-01,-1.823442291722732866e+00,1.121689630577062946e+00,5.161626894311525326e+00,1.020147506462072862e+00,8.149159263995979785e-01,-7.822856104084541240e-01,-1.823776029778480856e+00,1.902701921126804141e+00,2.247903266053535631e+00,-9.064320336009183965e-01,-2.999922106477820094e+00,-3.437016198942254963e+00,1.406450398068102459e+00,-2.892193702526809074e-01,-8.373071473119417796e-01,-9.003566986334676781e-01,9.875529328125070005e-01,-7.722727646846062610e-01,-9.831842194567266269e-01,1.426895128080742925e+00,-3.803504217693887135e-02,1.921211195404479710e+00,1.088726394198046732e+00,-4.756700043660427868e-01,2.522319664374692127e+00,8.134104040516261236e-01,1.011211945764509901e+00,-3.212320666569122851e-01,2.202670158043113169e+00,-1.193494678434542600e+00,3.956363610482864501e-02,6.036870486322970519e-01,2.738910249615729153e+00,3.712998005816477431e-01,7.486109908345299768e-01,5.552639181162876136e-01,-8.481983026137998039e-01,-3.049525454244670919e-01,-1.050392285508267021e+00,3.914350422270168384e+00,1.980008586235776136e+00,2.359287087843532582e+00,-1.565630370595729515e+00,-3.208599468515124009e+00,-8.397681313076214016e-01,2.020925341422904697e+00,-1.333472332492262602e+00,9.097392650607158959e-01,1.918660012269157944e+00,4.839381910075313820e-01,-2.080877296611060245e+00,-1.854029024518594859e+00,-1.268496844079894048e+00,-1.641907410804791301e+00,-5.271970191555580554e-01,-5.543519300215203893e-01,-1.694755428135280795e+00,3.021698221599580680e+00,2.007140938482885328e+00,5.320361967005582393e-04,2.837812257825544471e+00,-7.565186156272429852e-01,-2.757710417508613343e+00,1.506321903681747010e+00,3.436672985334576769e-02,-2.292793176496892738e+00,-5.684689970778106227e-01,2.741352700182895230e+00,2.772523812989331482e+00,-1.941701817650723472e+00,-2.867493796984282861e-01,8.569367193995447440e-01,1.205699266379438139e+00,4.407657433174261286e-01,-1.732032101604498164e+00,2.387429425026220464e+00,-8.492496589289014741e-01,-6.676827408754401616e-02,-9.071505085149113023e-01,1.260429577217184960e+00,1.456976537395237470e+00,-1.961847687612360946e+00,-2.133379681675831918e+00,1.711620519674360991e-02,8.015510162408525652e-01,-2.871099266956549378e+00,1.975049549573337782e-02,1.476831227264913671e-01,8.947049745752438943e-01,3.193329535486756576e+00,3.949963739037659627e-02,8.489593705685876124e-01,-1.071646664771204183e+00,1.771566968476635751e+00,-7.755395630802113249e-01,4.368079736321576756e-01,-1.500331602489118343e-01,-6.308639269755705881e-01,3.110297781237552961e+00,2.501237227026796850e-01,-1.812962734987721980e+00,-2.179248036076484041e-01,-1.417619415831048668e+00,-1.779247131426932915e+00,8.348066349431795263e-01,-9.040914203150635098e-01,5.858819715178671395e-01,-1.750228324869237406e+00,-1.317579883270798558e+00,-2.427741135074070189e-01,-4.392718363211167709e-01,1.010734561821851951e+00,-1.605826079642656001e+00,5.666205095678750192e-01,1.722054136323143414e+00,-3.289914144748595781e+00,3.693579051792076573e+00,-1.129263219457658618e+00,2.171587959993128703e+00,-2.325508658401993056e+00,2.242590026590201568e-01,2.058564258582906703e+00,7.472230702596628360e-01,-2.324844196462388102e-01,1.394413059438964542e+00,6.504805240908649866e-01,1.776642519701784995e+00,9.901506019312642515e-01,5.440194038803980447e-01,-1.917011629927432570e-01,3.597455504057252007e+00,1.424886816632266462e-01,2.262494698792703929e+00,3.355671272740433086e-01,7.896193049422080001e-01,6.707785037506347470e-01,3.028067241647418584e+00,1.484872220502127416e+00,-7.705464633665302099e-01,4.151333004968806861e-01,2.339824193798797358e-01,-5.255206696110056308e-01,-8.753941313797727330e-01,-2.350880844306105111e+00,5.148681192004908036e-01,5.987494095835331764e-01,9.345365062680491830e-01,-7.887541215252931170e-01,1.111387350721797729e+00,1.224521533557779263e+00,-1.847355322525239485e+00,5.227345566934351595e+00,1.532986332362947568e+00,4.008763312869268702e+02
7.380401478794786918e-01,5.361580536292147592e-01,4.689357451927077258e-02,-2.770330898367336925e+00,1.207722058895238204e+00,-8.442484308274339488e-02,-1.521771877503353743e+00,5.586192729215813668e-02,9.386056482224303110e-01,-2.022631785494138690e+00,1.908068734145560996e-01,1.748602951771682124e+00,2.280314125643828405e+00,-6.309823401644061303e-01,4.453694516328552400e-01,1.595839169774361799e-01,8.033612780875670767e-01,1.057352380616521259e+00,-9.242736585035948860e-01,-2.140165382109123104e+00,3.329337840798883619e+00,7.012417036533548087e-01,1.658881875564057751e-01,-1.613864046817018671e+00,1.635512853709031544e+00,1.071266038703667212e+00,2.846629325553928780e+00,-3.091909070126117598e-01,1.589948031299887932e+00,-2.441775667574981323e+00,-2.803899092278949290e+00,1.169373226458531034e-01,-1.826176571267357218e+00,1.005106414519047198e-01,1.100196076902744124e+00,9.438974249822659202e-01,3.375603211326384523e-01,-1.498519486463167905e+00,-7.514937532835135325e-01,3.225029817980293867e+00,-1.998377991694405553e+00,1.306141938340948050e+00,1.636343691465371730e+00,-2.012145965270919046e+00,9.279275121759442690e-01,4.888682674037465148e+00,7.840470987208789655e-01,3.885248807610700017e-01,-1.122124663948912637e+00,-4.339264312561396664e-01,8.518636845899085763e-01,2.048554457177402366e+00,-3.410875368707081967e-01,-3.326525094555341955e+00,-2.682412978770355672e+00,3.687528263186284239e+00,-1.159004053515974020e+00,-1.856525514322555193e+00,-1.103385778226712022e+00,4.228418132990607314e-01,6.092768102771010108e-01,-1.309600692637482355e+00,-2.554633301850092186e-01,-3.061385256941207555e-01,2.140005004240732145e+00,5.892120041167228650e-02,7.450454568989619553e-01,2.197414891209950483e+00,7.207313928848887441e-01,1.398580701291836981e+00,2.388143958475259510e-01,1.848636682331215919e+00,-1.318426968462753202e+00,2.655549425774400563e-01,1.885370432226862070e+00,4.816525326433761522e-01,3.686958642048395185e-01,-6.747335121430089733e-02,1.826796946983013925e-01,-7.995827913750774840e-01,5.252983666538104668e-01,-7.498391624931919353e-01,3.659717445242057998e+00,2.561321728414606813e+00,1.961831958606266024e+00,-1.097182387564570316e+00,-1.196749130774767300e+00,-1.187010091733493145e+00,5.711222504784962961e-01,-1.417997685186499268e+00,2.590104699293729773e+00,1.700892640138478074e+00,4.997355614122896417e-01,-1.963095808794499408e+00,-1.853359498966947960e+00,-2.285039823683153060e+00,-1.663122847167347373e+00,-6.946414231940010175e-01,-6.142319270066569636e-01,-2.484523345545234907e+00,3.295129782075925995e+00,5.934836563927088360e-01,1.307277921641576135e-01,2.770917719976686122e+00,-8.891510902128676452e-01,-3.158790858216925290e+00,-1.299045643490773921e-02,1.922465978917921037e+00,-7.544367617195307796e-01,-9.891778218684706969e-01,2.229283128629949040e+00,4.086933912128960955e+00,-1.233870369881693074e+00,-1.070234110204497435e+00,5.839531638264046087e-01,6.495377566254789681e-01,4.265097973221819161e-01,-1.988930011485800620e+00,2.343613781334101365e+00,-1.059068724131921435e+00,-9.950999000004897566e-01,-7.006366393931448000e-01,1.394542098057619750e+00,7.275551149964366582e-01,-2.178868375665433899e+00,2.728662861794720063e-01,1.345712742989611521e-01,-7.694230214638901888e-01,-3.007207342565200392e+00,-9.094496530458404671e-01,8.629757904580437344e-01,1.140163621756354440e+00,1.570830699827992616e+00,-1.045845605380869570e+00,4.914407169542133746e-01,3.758104443171196296e-01,7.065977300470129840e-01,1.961760158886446115e-01,1.066584723964215220e+00,-3.624463327252637201e-01,2.730107559180025567e-01,2.882053165365922709e+00,-4.487624503937328591e-01,-2.001895991906527783e+00,-9.769248500817344638e-01,1.404279204601684095e+00,-1.615048247517363755e+00,4.254067483678630746e-01,-8.205829714638293026e-01,1.042177120893978071e+00,3.489384481161251772e-01,-1.220778504749356896e+00,-2.571188033122427941e-01,-6.391142344987953416e-01,1.228589834446877305e+00,-7.735674353010193460e-01,5.255200043731403925e-01,1.303592985847842334e+00,-2.641156949811021448e+00,1.322808952618289124e+00,-4.014413781037750595e-01,1.823278330123733415e+00,-2.248448241119912261e+00,-2.640872566556740075e-01,2.464647785684388914e+00,-2.731403899919542799e-01,1.090664595195411701e+00,1.781827189728579341e+00,3.110485185380533202e-01,1.687618489647514819e+00,3.424437303222885864e-01,-9.302318330606260677e-01,-1.101911217804432797e+00,2.490463215138368991e+00,1.658228744077434591e-01,2.245114473762406693e+00,2.798323614901217227e-02,3.545047431943271210e-01,3.812545478259478648e-01,2.924981193856389439e+00,1.808614482059998307e+00,-2.454193714830409156e+00,5.620484500871236744e-01,4.017628264780848113e-01,-1.644554398566361597e-01,-1.773757477777426317e+00,-2.415893770807327812e+00,7.444452128264864577e-01,-1.507742740304442330e+00,7.160263080958767512e-01,-9.824991782402816565e-01,1.050809246082951898e+00,1.014992281218427994e+00,-1.248460811595042630e+00,5.282673309652376581e+00,2.066228162907914889e+00,4.009017136222381623e+02
-4.840740289055973089e-01,8.887949321445312023e-01,-5.514195036151035012e-01,-2.699429500051103048e+00,1.258536579493289898e+00,-4.706521385337771868e-01,-1.593311072790429606e+00,-1.792298618777433683e-01,3.875836588571286434e-01,-7.297790696201063299e-02,-1.524686120084913776e-01,1.789353940932820297e+00,2.407358614185179491e+00,1.502458604211603932e-01,4.330653382046544819e-01,-2.217485894458183227e-01,-1.200601411988836853e+00,8.541621977745297301e-01,-1.076800211184598899e+00,-2.238581489126278079e+00,1.944644980521914146e+00,-5.251459582329325027e-02,4.529204178797057168e-01,-1.599010254932763386e+00,1.982014203680061870e+00,9.582228525174200096e-01,3.299310641476325134e-01,-2.328275332161207634e-01,1.559896320547090154e+00,-2.471512589501052570e+00,-1.335781679943688349e+00,-1.389880861322960182e-01,-1.569009982067895326e+00,1.233435303796383969e-01,2.445637554074875653e-01,2.031409070029508879e+00,8.508015048926532986e-02,-8.232838496929029137e-01,-6.327378291383678466e-02,1.457501671772140739e+00,-1.800995680368205898e+00,1.808738001552884223e+00,2.122586531677190802e+00,-1.817188175976430564e+00,1.526251113555457728e+00,3.258897926484158436e+00,1.199492629994174109e-01,1.042136009321383172e+00,-6.386189263729573629e-01,-5.696498413212706113e-01,8.647230350127770304e-01,2.110110723439965419e+00,-1.972274588972483533e-01,-2.876374851543978650e+00,-2.749604283813883221e+00,4.816961592990951502e+00,1.065484273687751671e+00,-2.309305709510139248e+00,-6.329824822747827096e-01,2.200732751881723903e+00,-5.118663622413236469e-01,-3.400514549175298606e-01,1.679246674777046533e-01,3.289298712999432217e-01,1.426081986409072577e+00,1.613815471664232115e+00,3.153911921909249849e-01,1.991745201161937207e+00,-3.165447985215870119e-01,1.852088579794448187e+00,-1.573263205521176156e+00,1.376699188664787910e+00,-4.203359924776207124e-01,1.012720987042899923e-01,1.352204486905130176e+00,5.934556750721085017e-01,4.301262777717231867e-01,2.117254145201845628e-01,5.464258369584140684e-01,-1.188585653814032694e+00,-2.388777930730296151e-01,-1.293828025069501564e+00,3.609624026028753985e+00,2.499152760825627428e+00,2.648026354684773320e+00,-1.895607562086612186e+00,-1.528534413967419736e+00,-1.191112388150209700e+00,1.742013208879751085e+00,4.285154026359593860e-01,8.807417332423460588e-01,1.541668585122909940e+00,2.226021138100879593e-01,-1.694809385483641018e+00,-1.681897539657534191e+00,-4.109664304291595904e+00,1.312084917037885101e-01,-4.538967860849532077e-01,-4.722080884780345267e-01,-2.302021379608071516e+00,1.671510390812280367e+00,1.365676565643961504e-01,4.881278513818963494e-01,2.949413449204906001e+00,-1.248770842552991311e+00,-2.492913345070745912e+00,1.627893501926863884e+00,7.119799052641499759e-02,-3.203892810241957267e+00,-7.395272780815823621e-01,2.214780504369626257e+00,2.931499580032325802e+00,9.777874987076069502e-01,-1.015149316109881239e+00,7.125137780001414844e-01,1.710415632280712084e-01,5.361075254208472751e-01,8.045591695812783772e-01,-3.070769554831176973e-01,-9.017418574315935187e-01,-2.690398044695746504e-01,-1.799748359689844701e+00,4.270906099279039303e+00,1.113402176044872904e+00,-2.162122060963477033e+00,-1.733887621962926673e+00,9.235328415056749396e-01,1.577675999518954042e-01,-2.977631057607074361e+00,-5.184139022200122682e-01,4.911994132331402030e-01,1.713232234923563801e+00,1.991279964874369091e+00,-1.593261410166816550e+00,-1.592451694882559332e+00,-1.964718152520761096e+00,1.994164072948858113e+00,-3.454717513301799325e-01,7.163197054131705821e-01,3.064405396987323060e-01,-1.861828416013850684e-01,2.216837838890159063e+00,-1.124182989767720242e-01,-2.228669002085546857e+00,-9.923568171304428809e-01,6.599895759850361587e-01,-1.987561822171912018e+00,8.186721805058039259e-02,-7.244165805873492570e-01,5.357745440163328432e-01,-4.286724609680949705e-01,-1.683535230312493747e+00,-5.721837501301885176e-01,-2.585699552485289932e+00,3.472629874526481863e+00,1.441489187735021105e-01,7.219746452470129361e-01,1.654013103727641543e+00,-1.821523904885290035e+00,3.527492960845245218e+00,6.478752596313630541e-01,2.108059971977309655e+00,-2.238765998911455224e+00,-2.695988738366651982e-01,3.428739149406502928e+00,2.368201131559807826e-02,8.277264987665027274e-01,1.517797750377636090e+00,4.241662585397108498e-01,-9.491730879091747619e-02,7.601489129764857355e-02,-7.275292439469591699e-01,-2.188308172038337385e-01,3.041119514490354891e+00,-2.837887573731367463e-01,2.192902261966322541e+00,-7.803103473134931356e-02,4.339221915433941756e-01,3.431194716129896127e-01,3.121457006176704851e+00,2.002350945629246759e+00,-4.536593401233050549e-01,5.446828455908474531e-01,2.088351070364464213e-01,5.179991511406661919e-03,-6.281251868436942276e-01,-2.886989380005813288e+00,-5.370053436459192309e-01,-9.692572725167104553e-01,1.005018601922007315e+00,-8.133818366281190260e-01,8.384463995549757964e-01,1.423892512227651785e+00,-1.697307742680444598e+00,5.348975780865215413e+00,2.328214261724335543e+00,4.009386631388765068e+02
4.632774800433503426e-02,6.755326886520478524e-01,-3.935277841377565755e-01,-2.410067115150498651e+00,1.099646399188596302e+00,-1.014519661837652409e+00,-9.550223579642800331e-01,-6.535149485967928218e-01,1.244490269068615040e+00,-7.655850552719473123e-01,-4.246861731205303081e-01,1.473325574159710882e+00,2.514504909885865391e+00,-1.174215366713994568e-01,2.105938679958941684e+00,-5.913255790418028846e-02,-1.119577144675824920e+00,8.261731482731449194e-01,-6.288230658463297429e-01,-2.467805890156193005e+00,2.913795155651249580e+00,-3.174637928865631231e-01,2.845456657276386192e-01,-1.600989648298642543e+00,1.917479831481145425e+00,7.984755227995118387e-01,2.494023828672543797e+00,-2.081465813370083351e-01,1.845263480244514920e+00,-2.323761233459916031e+00,-1.099307042549204194e+00,-7.636764831974006407e-02,-1.158429020511820173e+00,1.248088367581821206e-01,5.207184404040312575e-01,1.230124543339860210e+00,-3.872002735250045236e-01,-1.145713089443058497e+00,4.971558079208987513e-02,8.997821714026861262e-01,-1.927842649546711362e+00,1.483982462041689043e+00,9.722759594680784323e-01,-2.104888545408685196e+00,7.892167196875358171e-01,3.167399030405764204e+00,2.552510809804458547e-01,6.138242140655087997e-01,-1.765433675476285602e+00,-5.679397888586230625e-01,1.390005101836378598e+00,1.872205423706270189e+00,-4.507266179939345974e-01,-2.804189504293026935e+00,-3.046170461079048319e+00,3.404204875229390304e+00,6.420246571354890630e-01,-2.149059704108454927e+00,-9.206632359322725057e-01,1.101465533178602518e+00,-2.810889391559920902e-01,-6.394128742284374001e-01,1.655215706358563299e+00,4.404610367624648415e-01,1.253387584637743135e+00,1.037152167672588998e+00,-4.164385826011000047e-01,1.552090837539726653e+00,-8.945913904598469246e-01,6.597826752363653569e-01,-1.837060544287551167e+00,2.058415087772343721e+00,-7.300792863656431209e-01,9.159792551746932521e-01,2.256124995050591275e-01,6.516390002013610072e-01,2.272028465712919942e+00,4.626362578983791995e-01,1.844678852309959982e-01,-6.811107755002935304e-01,-2.705819892144652461e-01,-8.970319690176574712e-01,3.476019254051915919e+00,2.550743474207086248e+00,2.584550207239307618e+00,-1.714359952654636920e+00,-1.479910968352573741e+00,-2.214422048209390703e-01,7.343589848296623313e-01,-1.397694143893828400e+00,3.052188063273118424e+00,1.811863346606700453e+00,7.953135819351573321e-01,-1.789453447213749548e+00,1.075171842172627734e+00,-4.207932591886828000e+00,-2.122802999570508220e+00,-8.268432743191277412e-01,-3.843447999166439422e-01,-2.296751513841024828e+00,1.486467835408229465e+00,-7.272681295870392360e-02,5.729482831138559273e-01,2.266344252486378164e+00,-1.587065326680828115e+00,-2.474674311223807432e+00,-1.324128117492777423e-02,-2.915937288315486042e-01,-2.631060139172127776e+00,-1.046483377119709290e+00,1.509555228590650833e+00,2.939544194033878011e+00,-6.143409039521290360e-01,-1.468793727534988935e+00,8.432049543925654866e-01,3.896500702488355783e-01,1.367076799255679820e+00,-2.452657253354666445e+00,-3.305783504733036393e-01,-1.276680527855481029e-01,-5.009872211580695955e-01,-1.795942329451093222e+00,4.368509838925906053e+00,1.300379197956289090e+00,-2.123343553377326831e+00,6.053443582382619925e-02,8.933911235209852642e-01,1.167205609608320052e-02,-3.541573608788172844e+00,-5.155730637564569507e-01,1.346192396496989629e-01,1.918264153216622470e+00,1.928748861109516044e+00,-3.807090921537863160e-02,-1.409448696792026334e+00,-1.387601050829888827e+00,7.964473876953300779e-01,-3.649109745156780549e-01,-8.639755785278965261e-01,2.526319535541134975e-01,1.858649353109255442e-01,3.308620573566330325e+00,3.591125949090803182e-01,-3.107189829672376113e+00,-9.766428839708812815e-01,-1.015442604401699978e+00,-1.936433818841936771e+00,2.182937473757344260e-01,-7.253706617118224065e-01,7.549474946859655589e-01,-1.286559516814964610e-01,-2.210944487125178437e+00,-4.836288689172327793e-01,-1.688794038740161430e+00,1.156201818363361111e+00,-4.483243966521989199e-01,7.805255861219276836e-01,1.781384131158213480e+00,-2.291965017620621214e+00,3.223447315614004438e+00,8.063905189960802744e-01,2.317525786169894353e+00,-2.558102956937255534e+00,-1.891157516446264897e-01,2.444980597119368770e+00,6.509626848153809986e-01,2.357240375281524636e-01,1.664989870603045263e+00,2.953028015122285410e-01,3.703699199406390585e-02,-1.753274268596834162e-01,-7.093293515131779969e-01,-5.699687890671637641e-02,2.929273180174739810e+00,-2.226785682502047115e-02,2.276791168895365480e+00,9.939852269502804649e-01,1.182984378028042904e+00,1.577000842665179370e-01,2.917225693627309990e+00,1.700552111792162091e-01,-1.118459454308322165e+00,5.020761917330236468e-01,4.257855056456806286e-01,2.712173104955766245e-01,-1.064842511607070108e+00,-2.623594497794251801e+00,-4.448306192769595491e-01,-7.128685881800148616e-01,9.949321666020676247e-01,-7.652279697579243978e-01,9.755542452758684258e-01,1.407726627469349401e+00,-1.420535562572321275e+00,4.623910091470827766e+00,2.275727313917682793e+00,4.009683877239550043e+02
9.051355760048916954e-01,3.195785627005819363e-01,4.254189131631765930e-01,-2.965254434731176669e+00,1.068098358991536267e+00,-6.358332966502401318e-01,-1.281556063679008428e+00,4.353149915456205887e-01,1.217404203459428791e+00,-2.163759726356385027e+00,-5.456589589280972374e-01,1.810244491097467767e+00,3.272184820485081858e+00,-8.839683349511562316e-02,2.368954429022881669e+00,-1.281867253084909009e-02,7.497957213198177540e-01,1.404639600995868376e+00,-1.043776837796500212e+00,-2.332516108758698081e+00,2.251999401227585018e+00,8.167694982115695224e-01,1.229363297035287905e+00,-1.605424707769895321e+00,2.125573853801034474e+00,8.759136919472489957e-01,2.742770400394958230e+00,7.961267274953863771e-01,1.151119225100552868e+00,-1.771897845314215569e+00,-7.300696451358839045e-01,1.154177138800301927e+00,-1.091132614223297770e+00,1.682854400597303401e+00,4.626258198036070080e-01,1.286055548627679235e+00,9.928769401021008134e-01,-6.201173881270017896e-01,-3.481885363280558532e-01,2.553046324216462271e+00,-1.406883882188197044e+00,1.741206196364771142e+00,1.320471400315433863e+00,-1.790029584988603872e+00,9.196018344239391684e-01,3.547731894276776821e+00,1.138374347108223938e+00,-3.374598538781946599e-01,-4.912408804846759014e-01,-2.392746238124574099e+00,1.291070976169693907e+00,2.332174598276185229e+00,-2.213558141860944239e+00,-3.189512486511556055e+00,-3.228060046007934503e+00,4.656524334321407999e+00,-1.309066154079477240e+00,-6.015031697124963994e-01,-1.113223426794873960e+00,6.223912723260094371e-01,-5.454882958054373399e-01,-8.289985748019050860e-01,3.987922172701552359e-01,5.454903321187882792e-01,1.640408717739572309e+00,9.516664040215826459e-01,6.899037640288917528e-01,2.094045467098315960e+00,-4.470021594127443487e-01,1.009161728970789040e+00,3.547144022429471466e-01,2.025503118274483150e+00,-1.132612975657795840e+00,4.240703880205138887e-01,1.672613568643800397e+00,3.462001316479073054e-01,-4.999039383454385033e-01,7.812255650410226959e-01,-1.315650356798948040e-01,-6.865672544389918031e-01,5.899410521818326814e-01,-1.352972498645481414e+00,4.146693149119935029e+00,1.946079731192063234e+00,2.609933885205643289e+00,-1.235856790434277874e+00,-2.979767723787049238e+00,-3.241125796047548135e-01,1.390218678072067560e+00,-1.424345550427000617e+00,2.688002975968090347e+00,1.538807349719360174e+00,1.953569465529486904e-01,-2.150081403653170131e+00,-1.933195360444175392e+00,-4.375373791689234793e+00,-1.357189307684463220e+00,-5.399427339225283395e-01,4.883775148531481758e-01,-1.710552006316385931e+00,2.858088790291177350e+00,2.415790491348430269e+00,5.407544260128824831e-01,2.923238734739259215e+00,-7.335474890041335794e-01,-2.695737488798912729e+00,1.104478669690948989e+00,1.081939436649103914e-01,-1.615090769605011634e+00,-1.242593078701139664e+00,1.525487083136364275e+00,2.545241015505664617e+00,-1.603828521291928988e+00,-1.704749378488080502e+00,9.388300183620319483e-01,7.579042049305161344e-01,3.944275047195997530e-01,-1.714067991112813161e-01,2.350353350600444369e+00,-9.150873171421980423e-01,2.363745813732733403e+00,-6.770332408488985987e-01,3.895414677625730793e+00,1.189283411386113487e+00,-3.599435090097664158e+00,-1.579885717552614866e+00,2.082191330497339621e+00,7.270596223960457127e-01,-2.771966012099707388e+00,-5.853679776226284881e-01,2.134222601645912043e-01,1.508283555074775961e+00,1.798725239277269239e+00,-1.439485611263072451e-01,-6.451840116537455039e-01,-1.756288898790115960e-01,1.933598426231387668e+00,-1.310692962559171504e-01,-8.646740522656829464e-01,-4.376408821631149193e-01,-5.435730596428733213e-02,2.688661887070898704e+00,4.380851316781384508e-01,-1.610311755563427649e+00,-1.506444589777960197e-01,-1.006830664817725873e+00,-1.731014066594432466e+00,6.767319217442703261e-01,-7.363681907450920772e-01,4.320824776787275945e-01,-1.739665605499394418e+00,-2.242211997497613574e+00,-7.986167521577874906e-01,-7.999653426165866943e-01,1.491364930511591469e+00,-1.002350479480157874e+00,5.746271327569786314e-01,1.964657993129220959e+00,-1.535040870394533963e+00,3.147752317677895650e+00,-1.254183632645085589e-01,2.044273739742473062e+00,-2.327803151478036181e+00,-2.396754971211723928e-01,2.628686513389200563e+00,5.577964147566240039e-01,8.211280556176853151e-01,1.538035466485660141e+00,-1.036446848189889330e-01,8.994929876452248396e-02,1.028886949864760370e+00,-9.635599626135982199e-01,-3.043374187047129809e-01,2.987926615351563342e+00,-4.535370140351731028e-01,2.027403550169772029e+00,3.667781151564113440e-01,1.418718329520554322e+00,1.310216430620312345e-01,3.098825600486784015e+00,8.519665661016972980e-03,-7.156326770347313238e-01,-4.978863309814520743e-01,7.105422660203415397e-01,2.898587259988949505e-01,-8.828615249053294312e-01,-3.187289626901226303e+00,-3.784267275630791016e-01,-1.388229122206898314e+00,1.081625522865404809e+00,-1.061409930981371152e+00,1.257179083831861499e+00,-7.201445706353475085e-02,-1.510556537460706839e+00,5.712701564792324049e+00,2.268941123970225959e+00,4.019978703963893167e+02
-4.354987649120026227e-01,4.234458161902069917e-01,5.695919211782232150e-01,-2.268234236886307098e+00,9.623731823021990373e-01,-3.242757133123674862e-01,-1.830110959069642051e+00,-5.519429775778757208e-02,6.988931803705231705e-01,-3.887945309626495982e-01,-3.993487649467198919e-01,1.841391496037308562e+00,2.866719598378522527e+00,8.096327024196123268e-02,2.397815243708536048e+00,-1.224542042824192656e+00,8.998262742099349953e-01,1.563696332782108067e+00,-6.359071964681195510e-01,-1.740178236744708729e+00,2.361518616205092513e+00,1.881038311785231176e+00,4.874837673589687004e-01,-1.996732226827041767e+00,-9.745609527494289992e-01,4.464715705141629187e-01,2.271239044103966709e+00,-6.412749287993396718e-01,1.760444397396879079e+00,-2.167798007713489739e+00,-1.998433881641235921e+00,3.778207033299056383e-01,-1.250293355714616528e+00,3.113164003780347633e-01,6.189910865832738418e-01,1.895361255119497157e+00,1.093043285617933957e+00,-1.129288342614883645e+00,-6.971707365423801539e-01,2.990005386770127060e+00,-1.534904851901468525e+00,1.914318087406199353e+00,7.949798389069987481e-01,-2.230372304915515080e+00,1.296962878299039668e+00,4.901212717938262742e+00,1.169562415023613244e+00,4.573397166441394712e-01,-4.883486347674846351e-01,-1.373975740897840803e+00,1.837338769397138249e-01,1.634485391218889472e+00,2.244986198549805134e-01,-3.454201441600682987e+00,-3.222450287396518398e+00,3.419378551929101118e+00,1.075758475460439900e+00,-2.210465712869492894e+00,-5.849632427016960845e-01,-4.311586105797085011e-01,-3.205328630408602053e-02,3.175689582153094770e-02,1.134269339381870134e+00,-5.098851529153779483e-01,1.724459813021797405e+00,1.441833926864858784e+00,7.105301569464863576e-01,1.916635456696589301e+00,-4.236204207561499180e-01,-3.745269619119540039e-02,7.037251821274639330e-01,3.656210055814668181e-01,-1.251821569157195890e+00,4.713155565424436144e-01,1.552424363814525421e+00,4.075192010977505275e-01,2.459426313116461316e+00,4.491355651991697506e-01,8.446704447114973258e-01,-8.056752897984849060e-01,-2.167803265836572568e-01,-1.355340050925760265e+00,4.143448813548396004e+00,8.312843662835623926e-01,2.082000380976174458e+00,-7.161461111692226655e-01,-2.750013344894129741e+00,-1.026810850639680028e+00,8.936052956270524872e-01,-1.363150219392473828e+00,2.931741611310986872e+00,1.703058908441189789e+00,6.968333350804724324e-02,-1.782586793218495780e+00,-1.594412755833513273e+00,-1.716116158083694332e+00,-1.907929636755984371e+00,-1.181465980658744863e+00,-2.045527587706711392e-01,-2.784366011029280497e+00,1.687134916922753192e+00,2.269059484689815998e-01,4.581133357184589694e-01,2.357669312674505413e+00,-1.322709861667424658e+00,-2.931064711171889048e+00,-4.802244359646149485e-01,7.149866552714592705e-02,-2.184706843793206676e+00,-1.586141037399418474e+00,2.213025795901637505e+00,2.128239097196225060e+00,-1.196714652549122349e+00,-1.589452160472149878e+00,4.075729612557649761e-01,2.299351100639264733e-01,1.434457740098326495e+00,7.423145078317049395e-01,-8.320135474444848578e-01,-6.322112667347774551e-01,2.832902113416219114e-03,-1.742918511228790823e+00,4.264587045746869975e+00,9.104065063106110411e-01,-2.018594284748869150e+00,3.935532969460054376e-01,1.826645115200611125e+00,-3.061212229222566306e-01,-3.159064525751539954e+00,-1.066212327389791437e+00,-3.690778861641079711e-01,5.525016767794471706e-01,2.147028960187728597e+00,-7.755051525933031042e-01,-1.774039436450451701e+00,-1.521175078757951882e+00,1.002684481587301057e+00,-2.854443591803580010e-03,4.886688518165778206e-01,1.900025800298218714e-01,-9.403567650494364383e-01,2.732549609515211309e+00,-4.155890960707886994e-01,-2.330840379036435372e+00,-9.112584402974297504e-01,-9.920769351352792809e-01,-1.958115118195765669e+00,6.310058678036829516e-01,-7.380847248190711696e-01,6.128160181864036327e-01,-2.212305827057787222e-01,-2.399724945034708234e+00,-3.348349030290808104e-01,-8.330981059954569723e-01,1.631925654270881765e+00,-2.743612119536513738e-01,1.088840255673809265e+00,1.777368210774736834e+00,-2.689090930616775399e+00,3.585297911086638312e+00,-1.191830561182044834e-01,1.895779187980506375e+00,-2.179020971554663788e+00,-2.038821856497038398e-01,2.129129198015870195e+00,-4.054770508588828037e-01,7.521480479719528933e-01,1.869029300926444925e+00,-5.401608894909636360e-01,1.720353970108726482e+00,-1.362844703646805544e-01,-1.047513597602380164e+00,1.504901881210670977e-01,3.485508649152273541e+00,3.311567456778076735e-01,2.371852074264313881e+00,1.063836421954832412e+00,1.215858282364311593e+00,4.692788820809468131e-01,-8.626823690768324615e-02,1.452857920400394187e+00,2.411939013935109899e-01,6.824950933622242477e-01,2.576733288045288672e-01,-1.136497377924384766e-01,-1.288651619328695430e+00,-2.537474016770469021e+00,-1.561054955714490378e-01,-1.864935347413929190e+00,7.206211910442583690e-01,-1.193552921760281382e+00,5.249979764405223737e-01,8.179879760013699652e-01,-1.332888443087951069e+00,4.969164620607741334e+00,2.533003092396283851e+00,4.980474833795719292e+02
-3.161272436624574245e-01,8.931071092455745708e-01,5.944742649891658903e-01,-2.591263330715233959e+00,8.962708747201008075e-01,-1.764182853818259678e-01,-1.666621882710287439e+00,2.208620035951718713e-02,2.220341775690268804e+00,-2.021871973192175709e+00,-2.544839038687022881e-01,1.374954187793646643e+00,1.860840087414476818e+00,-1.018097269689043766e-02,2.212799204466515679e+00,5.307177681929079460e-01,-1.057672580449363409e+00,6.686536426673128641e-01,-9.545252567036544011e-01,-2.018490266100093855e+00,1.846367821869166370e+00,1.735607045132337323e+00,2.715836730349377448e-03,-1.279243872431731655e+00,8.417573696936900829e-01,8.984080224838728590e-01,2.784950471320086329e+00,-7.258795631900811784e-01,1.630571947508070441e+00,-1.753180493665982498e+00,-2.198582766293662782e+00,-5.316413291848229861e-01,-1.464209444329387155e+00,3.168292729351639414e-01,1.272960672271589821e+00,2.066864868023273516e+00,4.787643952342243714e-02,-1.840478751727898210e+00,-1.031683594071539645e+00,7.446032757771867683e-01,-1.569424234112346328e+00,1.752234232500543776e+00,1.386267743394576923e+00,-1.804875392723942262e+00,1.690467825634419219e+00,5.152262465286143289e+00,6.510076941342894941e-01,1.198009904285928018e+00,-1.450297858767333192e+00,-1.802475280646161471e+00,-3.019659423316420344e-01,1.774988472985791876e+00,-6.993690989571714756e-01,-3.813335832635125211e+00,-2.530618937243485522e+00,3.975142068715425303e+00,-1.172110321339019517e-01,7.929596596339516523e-02,-2.323626242771856809e+00,2.505499820210364881e+00,3.113402524944594019e-01,-6.774062902857508339e-01,1.947728075361063182e-01,4.311055459488423169e-01,2.080695672516051253e+00,2.018163589008270531e+00,9.141096861737549872e-01,2.823242243072782376e+00,1.097801930265573267e+00,1.027038463954346392e+00,4.967218771451790971e-02,1.194173889302655223e+00,-5.539743531916693220e-01,7.642579214175784785e-02,-1.144080529248600042e+00,9.276462787258759057e-01,-5.546274997351754443e-01,2.216797439748540155e-01,8.034920536434562999e-02,-9.926580271948292067e-01,6.934448217265819503e-01,-1.353270098991967485e+00,4.033807432960071715e+00,6.511651816977426233e-01,2.124547471330402448e+00,-1.511015227177808118e+00,-2.597764844765386272e+00,-2.689895866756661369e-01,8.153307813920129821e-01,4.811337375587541043e-01,3.633567556737058446e+00,1.886991478215124696e+00,7.553431929840059844e-01,-2.408917929349877696e+00,-2.017757784483937833e+00,-4.541224919311968478e+00,-1.579758156345196118e+00,-1.470379945212360262e+00,1.537183734279851333e+00,-2.160995671842563581e+00,9.733117904837591539e-01,2.059701474581557612e+00,2.349110315837630303e-01,2.631951495693958254e+00,-1.315077464254955419e+00,-2.634320122604714154e+00,-2.814597577179407673e-02,1.988467545394275948e+00,-2.976345927251212942e+00,-1.672503456829300905e+00,1.896370318284125389e+00,2.933080288890694387e+00,8.670690658695279218e-01,-6.953043354391943431e-01,1.387885806587843440e+00,5.294988697645330866e-01,1.112150776011817888e+00,1.282310048198362695e+00,1.472851212555067457e+00,-8.728353392580565639e-01,-4.878733335621110445e-01,-3.415428842371636686e-01,1.323425573312600800e+00,9.121340209862958126e-01,-3.566430076433440455e+00,9.795624956611743706e-01,9.771792316159128022e-01,1.318476372162280252e-01,-2.951930991971068785e+00,-2.847713551727036330e-01,-1.835984578421814561e-01,1.013944298356956430e+00,2.013069223274289943e+00,-1.570694873050909046e-01,-1.438567311203950094e+00,-7.049449315424013429e-01,1.226859118643699675e+00,-6.598817751321547354e-01,6.319114012585108631e-01,2.805153329328679002e-01,2.563446438918030035e-01,2.600620405691595138e+00,3.096487811631342679e-01,-3.042901989712162081e+00,-4.071791732915887030e-01,6.767116832910287094e-01,-1.988688652255208744e+00,3.945338768877413305e-01,-2.842992034709715732e+00,3.699385521391299059e-01,-3.273219131089177281e-01,-2.199159173668201017e+00,-3.524789943961953997e-01,-1.038141405390736738e+00,3.293191403344114754e+00,-4.451129497080255071e-01,6.333627275637498943e-01,2.178800684734053306e+00,-1.946867424373515343e+00,3.780780701154836887e+00,-5.476007753517547760e-01,2.141251354620719027e+00,-2.460240554672739943e+00,-1.366810867849139188e-01,2.620298084171080788e+00,-3.813691906917859864e-01,9.910337599298029154e-01,2.256319603938034657e+00,-3.936498995059050099e-01,1.578281598745153280e+00,-9.031281570165418104e-01,-3.034084083868298087e-01,1.981914405269383228e-01,3.031343440424443703e+00,5.467986913432425489e-01,2.014562694559993261e+00,4.228804473907588068e-01,8.592867204966975203e-01,9.753535714497484355e-01,2.484943141395989930e-01,1.245978829507191632e+00,-7.888490098340378287e-01,2.016262126677325905e-01,8.177306266116596278e-01,4.405854956616518936e-01,-1.858448916542336349e+00,-2.703741923841924244e+00,-4.525345132215561339e-01,-1.454661052135648003e+00,1.136519177598741992e+00,-1.102496861029572894e+00,1.808286685825169604e+00,1.489585443896667138e+00,-2.340141535465543488e+00,5.702389251509489831e+00,2.362867224983512315e+00,4.983310859344359756e+02
9.227261573451741583e-01,7.244200608601223390e-01,3.561544591147658423e-01,-2.495588143305141671e+00,8.539738543178195807e-01,-6.205782418737966211e-01,-2.068797896461710195e+00,-2.631694610047610183e-01,2.122148818748883059e+00,-1.543429761056201110e+00,-4.018737545679480494e-01,1.225761603149020829e+00,2.257496215711618959e+00,-4.846150879115669330e-01,2.068706208149002634e+00,5.066392053419388475e-01,9.251809528312354702e-01,1.558204266019534545e+00,-8.550240970287967812e-01,-2.158071307974323894e+00,2.767396512721502333e+00,1.411571509664673929e+00,1.555984337459497935e+00,-1.897974137098214165e+00,5.240307590605525201e-01,9.383113228248944893e-01,-1.648151987090312742e-01,1.608415413817340656e-02,1.358219516030978680e+00,-6.636924601516045463e-01,-2.671833386852792369e+00,1.584037416993012981e-01,-1.224340094173447469e+00,-7.244767576529731468e-02,1.622813705255400141e+00,2.489762933627176711e+00,3.089846636048902973e-01,-1.074010242997096576e+00,3.820673272582743030e-01,1.417193539883258913e+00,-1.573786992487585579e+00,1.771655269929968579e+00,1.552254575718240659e+00,-1.734750061638618890e+00,7.601855742405564387e-01,4.987481048199340350e+00,6.288712745881556154e-01,-4.242332977520679727e-01,-1.405842449510129155e+00,-2.099940399165436400e+00,1.623950465562876921e+00,1.627440707588746260e+00,-5.603778174489527641e-01,-3.238914376639300041e+00,-2.577673497765286648e+00,4.300504795579448647e+00,1.058416939664133860e+00,-8.646170738755782903e-01,-4.524621402605285558e-01,1.903741211087298435e+00,-1.456793489312614709e-02,-7.021016113635085709e-01,-2.190250519054970368e-01,-1.778364668701008233e-01,1.843485963466402922e+00,1.577634143579347725e+00,-6.302233298972498288e-01,2.920942817348880727e+00,2.627869706300120511e-01,1.512945021415896596e+00,5.304059379800564189e-01,1.532483756097190231e+00,-3.962240086604450484e-01,1.816366197779928082e-01,6.428485280232714150e-01,1.325812616430703805e-01,-4.341319157594031308e-01,-1.614397846148689863e+00,2.318862382682009282e-01,-9.729342569492990256e-01,5.129456120056506974e-01,-4.565295021965543043e-01,3.390854508453822191e+00,2.416532940645784500e+00,2.358024020958960243e+00,-1.711900236066898451e+00,-1.149770655190193835e+00,-1.092876050937053867e+00,9.577689963628995828e-01,-1.284803169054423044e+00,2.546224792509073076e+00,1.683598572962751394e+00,1.044839372592675675e+00,-1.957052650060761456e+00,-1.947288318932998585e+00,-1.665357266724976970e+00,-1.614726876670012023e+00,-6.885164607827504168e-01,8.644156583093738355e-01,-2.125035955279294342e+00,3.109933447070318824e+00,2.155949907906647312e+00,-1.024830426515645210e-02,3.095752557227247070e+00,-1.694293879133156766e+00,-2.167525538251728889e+00,-1.662063456474342504e-01,1.891934518225938611e+00,-2.294722931938645072e+00,-1.144203223441289330e+00,2.295663926906486907e+00,2.531797559936561637e+00,-1.482531003411414749e+00,-1.069481170296553874e+00,4.468276369275469007e-01,4.273934946444520322e-01,1.839501813504530681e+00,1.080852457642015541e+00,2.206730263338604558e+00,-7.264026194112577217e-01,-1.800484004004785921e-01,-5.111045050465106154e-01,3.789309733691616611e+00,1.127436964821897813e+00,-3.013598826749457338e+00,-1.798358265755342522e+00,1.427245478634181941e+00,-6.747522086803713071e-02,-2.847796615237756512e+00,-2.768011887739186272e-01,-4.742594213000663750e-01,1.295497306455701381e+00,2.027288737323286849e+00,-1.027845348290778782e+00,6.384501948159331253e-01,-1.719541586881371042e+00,6.862731536764297147e-01,-5.761994135096630554e-02,9.028239683443844976e-01,5.906668385071970340e-01,-9.785030882561291943e-01,2.573242988021348321e+00,-1.737527874529092575e-01,-2.040452221313676429e+00,1.010240148798188686e+00,-1.497444525182340058e+00,-8.383211827890395540e-01,5.928710634942844226e-01,-5.132320268287113851e-01,1.104794995903503496e+00,-8.073301852466264750e-01,-1.556260148677198307e+00,-4.370787555088239684e-01,-1.274931790419586264e+00,1.364191601481234528e+00,-2.471774088021445603e-01,1.690308340592631353e+00,1.753228430386206238e+00,-2.972403740938559746e+00,3.409289712963674557e+00,-9.258806838853418375e-01,1.816556027544617535e+00,-2.144926669674362074e+00,-1.046934467845079542e-01,2.190772420593994241e+00,-9.738009432492865380e-02,5.899045486776653968e-01,1.463192487460302837e+00,3.486897593925507577e-01,1.668950768559022135e+00,1.158868724296748365e+00,-6.117702954803627691e-03,-9.553399157388113849e-01,3.393039755768715970e+00,1.449583413791326048e-01,1.721276167983891714e+00,9.162877725396425532e-01,-3.740327187766036288e-02,7.602878199810444437e-01,3.041510207315849534e+00,5.277830844022107781e-01,-2.370706591935274332e+00,5.010055444837770988e-01,4.713175265339080711e-01,1.409910669120423288e-01,-1.576006769744584313e+00,-2.237722297886854950e+00,5.780586812189008050e-01,-8.285500514746794165e-01,-6.577831023562664692e-01,-1.217361559958169970e+00,4.612181624186543205e-01,5.704248984440639658e-01,-7.619890101416999517e-01,5.488799155927949869e+00,2.416652515662550460e+00,4.999625530759931848e+02
-3.747003469427382383e-01,5.328691419490136916e-01,7.938582104070412981e-01,-2.259690426144199904e+00,1.000889871783536167e+00,-6.331200864055465116e-01,-1.790803307351947149e+00,6.946560217792684400e-01,2.261207250643833433e+00,-2.011185248651326418e+00,-5.663315154074849422e-02,1.450493879342731995e+00,2.452329381466547442e+00,-1.545757014062070223e+00,-3.430574732248470871e-01,7.428431434155267077e-01,8.045102295549678706e-01,2.065022038274432425e+00,8.464720467073451327e-02,-1.703062199493781126e+00,1.883545032242917694e+00,1.199498695061836040e+00,1.597329192748120574e+00,-1.295782888740927730e+00,8.627446938517689956e-01,1.141538225201364387e+00,2.750735789130742237e+00,-5.031327581799102666e-02,1.487635164712280744e+00,-1.601710971761171054e+00,-2.203442109083475042e+00,3.168397985375747128e-01,-1.474973945244939966e+00,2.228766952013918889e-01,1.111939209100987869e+00,2.320070319716337703e+00,-2.019533926327732876e-01,-8.997437101268322968e-01,1.185976438849132841e-01,7.078661433462084540e-01,-1.566054686933905593e+00,1.703290761918175633e+00,1.358470523411070996e+00,-2.063858695095466711e+00,1.695089148230672027e+00,4.884912497280672561e+00,5.388018526039775047e-01,1.267224839842626682e-01,-1.244041031027808275e+00,-1.633939847347589014e+00,1.814746898095817684e+00,2.017018542017410265e+00,8.612264782900583282e-02,-3.203451202148559940e+00,-2.947419973527547032e+00,4.514308084910998886e+00,-2.718915042798557558e-01,-7.974090482430783444e-01,-3.492243867995435957e-01,2.245693430731887652e+00,-1.644426696724706094e+00,-5.529606917262520627e-01,9.690610204571081798e-02,1.318764915104838342e-01,2.052040283451221470e+00,1.705047141912725994e+00,-1.599917408435806099e+00,2.701786423252186875e+00,1.084997588937784752e+00,7.899762861714678674e-01,-2.241097281264427643e+00,1.251438442691745312e+00,-1.472950994404045311e+00,2.734580598679012819e-01,-1.096821807520378389e+00,9.546689639328631571e-01,-4.696790871218656793e-01,1.977917442008323701e-01,-2.618305334398776107e-01,-7.150249621846581638e-01,9.927310099665566101e-01,-1.127806360011974984e+00,3.604333297878991260e+00,1.985449183886588198e+00,2.109682551295708031e+00,-1.554799524907983566e+00,-1.333770716086410957e+00,-3.129147936229321747e-01,1.613905642877337732e+00,4.037275932547260138e-01,3.477672220919640456e+00,1.818547823572530309e+00,4.656571264531592647e-01,-2.296808148417924134e+00,1.076998776978884687e+00,-4.703503393477244110e+00,-1.394243386842298760e+00,-1.609031525317885514e+00,1.325858690131511697e+00,-2.031563430190741482e+00,3.139143502395205232e+00,2.116661757213426753e+00,1.369756325174519007e-01,2.755766256611805076e+00,-1.913466983126727028e+00,-2.499908557564750389e+00,-4.197964597675924447e-01,-5.503111760169776545e-02,-2.301576068000898978e+00,-6.963237879055559354e-01,1.825648234221405986e+00,2.321054830241157330e+00,7.199933464771757219e-01,-1.493245928676039558e+00,2.855344732784829143e-01,1.267805110528957391e+00,7.429494738331293702e-01,1.404305768037841240e+00,2.322528057540507618e+00,-6.239102084669961856e-01,-5.153763860509070760e-01,-6.757086446076706610e-01,9.420379345962412998e-01,1.783192151657564173e+00,-3.326624559829250760e+00,-2.168400250484122882e+00,1.620479089015624818e-01,-5.161432617074716012e-01,-2.969894998502221384e+00,-2.689301222231156863e-01,5.902281538965955532e-01,3.662774249175868579e-01,3.140598000292402769e+00,-1.356701556864002400e+00,-1.371657838525240258e+00,-1.468344581192028153e+00,1.463682862563989273e+00,-6.887358078909711079e-01,6.505086994372152320e-01,1.436028623547887795e-01,-6.144206326888561609e-01,2.132190784536955874e+00,-5.646685491490943676e-03,-3.088552104848919733e+00,1.144044903078340836e+00,-1.230389644873212562e+00,-1.309538935655136127e+00,6.542075779135805291e-01,-1.055857718852820648e+00,5.082522681071817150e-01,-2.091797425655355092e-01,-2.146573062973649026e+00,-3.723382571616617454e-01,-8.520903619767374870e-01,8.087807261188594277e-01,-4.003482678708960574e-01,7.167099128851961432e-01,2.098089540562446675e+00,-2.326021680964927896e+00,3.359608764802900271e+00,6.658556213860650219e-01,5.237211225783015012e-01,-2.378934628083478220e+00,-1.335398449004596144e-01,2.868841982261944867e+00,5.642110804389757206e-01,4.985943578217237881e-01,2.090086542972866557e+00,5.716449271129016019e-01,1.282505144069056024e+00,2.730669185648867403e-01,-5.193800289276754301e-01,5.629071379389137819e-01,3.020346624014482728e+00,7.019521090532099272e-01,9.991708457168244628e-01,7.234997380982566284e-01,3.876774306103041856e-01,1.285552060062936430e+00,2.807089851518330681e-01,1.569011435138442545e+00,-3.530558603734408329e-01,8.719134288051086368e-03,8.947647019561059123e-01,-1.511993733932296968e-01,-8.379087162757160590e-01,-2.851673954774085917e+00,-8.706892395580764776e-02,-1.571930961181061459e+00,1.331136638261412486e+00,-7.554333624840375849e-01,7.277527110654362641e-01,1.488737831020935376e+00,-1.052990163216512842e+00,5.698230619885344517e+00,2.052449995032430863e+00,4.999860429494378309e+02
4.185842519138150419e-01,2.018635895594857455e-01,5.442161580455238262e-02,-2.167731708566775772e+00,9.943344383289679511e-01,3.295216869552646255e-01,-1.817772458767958010e+00,-2.593083721652982010e-02,8.136686339020772207e-01,-2.160746725530546364e+00,-2.034869206698994848e-01,1.055067515494631847e+00,1.876461145757934323e+00,-2.250722262734954626e-01,2.151242339847981189e+00,-6.183923603830074889e-01,-1.281176661098568870e+00,8.221099950822946534e-01,-7.946425018229433812e-01,-2.174740861606789810e+00,1.703665734264244946e+00,8.146730114994185090e-01,1.649093323337775585e+00,-2.314337188680490875e+00,7.496331781695059204e-01,1.084988972283687181e+00,2.736371048676545570e+00,-1.060439765709802890e-01,1.177497000883904077e+00,-5.736671706171626584e-01,-1.567392598574452345e+00,4.817663840267637498e-01,-1.823092739265674167e+00,-3.819810771167443664e-02,4.692459811417052373e-01,9.826167743855678260e-01,-2.148282136521671160e-01,-1.510443985989989413e+00,-5.860433052999218795e-01,2.035157556662837042e+00,-2.131910167655720389e+00,1.450314691904584841e+00,6.293433087047660690e-01,-2.069759983092823052e+00,1.110719216351325089e+00,4.871004169159653507e+00,1.844943370459067034e-01,1.309592478279820282e+00,-1.846003853371722903e+00,-1.156299367293599722e+00,-4.594499914780580396e-01,1.951507991991534796e+00,-5.423978324836784548e-01,-3.529461721019081732e+00,-2.751380990028518436e+00,3.885889094008117439e+00,7.225507471957149930e-01,-1.733545462816451943e+00,-6.401785454596481406e-01,1.369770004853254841e+00,2.879188835617664255e-01,-9.312010908811438892e-01,5.020550842166113803e-01,5.038757794207759932e-01,1.831837740568240225e+00,1.138375744328662398e+00,8.875378031065317419e-01,2.081859235821861720e+00,3.142705122303474652e-01,1.170487661607281904e+00,-2.416925199475466191e-01,1.110684437505708333e+00,-1.399270330957649300e+00,9.421676791775533966e-01,1.738641707774306377e+00,6.028222464121416602e-01,1.386540749519416194e+00,1.097584518033132506e+00,-4.630125467146763985e-01,-1.212067383389263453e+00,6.756451035105391911e-01,-4.921747068859539387e-01,3.384093448093598244e+00,2.146637351648440717e+00,2.216475524259074792e+00,-1.622889268894541992e+00,-1.025994687227672175e+00,-1.003660299044051740e+00,1.496707918718584329e+00,-9.393006333918614281e-01,9.689823785363209652e-01,1.636824426240434116e+00,5.346897419810474616e-01,-1.937426637009360242e+00,-1.781105835387166492e+00,-1.678478374988478850e+00,4.681606226400956139e-01,-1.149535554568085205e+00,7.153282504442628476e-01,-2.459868677715984830e+00,3.029404637524969246e+00,1.970326606742852871e+00,7.996515607215181065e-01,3.064839750900877569e+00,-2.087078110473507220e+00,-2.105791484691859061e+00,-5.243837284537751220e-01,2.512732654487165318e-01,-1.140420303133657276e+00,-1.671946450003382045e+00,1.900579347100535221e+00,2.667055593866556329e+00,-1.273645993547571464e+00,-3.005576817846636328e-02,1.016898847410431794e-01,3.456642096559074950e-01,1.392263577599977875e+00,7.678516279656022459e-01,2.282758555951517554e+00,-1.042923151231039736e+00,-6.923520211904568011e-01,-1.066516478376368759e+00,2.022220988604171321e+00,1.488269585080993718e+00,-1.868886560624452020e+00,1.001657472688340045e+00,6.229389345837006708e-02,-5.319929449073377281e-01,-3.485085018313659688e+00,8.974687951330244384e-02,-1.092870100015508744e-01,6.443418441800994323e-01,2.354105043201283554e+00,1.825971650750430053e-01,1.366325469584744878e+00,-1.826965946697156618e+00,9.888626116666021648e-01,-5.672996048947813730e-01,1.022423956265599010e+00,-2.974657794440767611e-01,-2.188434022156841019e-01,2.430361230874348522e+00,3.137138876879796423e-01,-2.357839276297862163e+00,-5.076642136338673783e-01,-1.528970358595692636e+00,-1.312866832711417908e+00,7.621662636356683063e-01,-2.522066012742525842e+00,1.086551961850653392e+00,-4.219309472573566644e-02,-1.677712575369461501e+00,-4.955349148878921417e-01,-5.140621429551135435e-01,3.413878124525886015e+00,-1.569223297980909260e-01,1.922050914973269631e+00,6.286683043109818625e-01,-1.932255758939869006e+00,3.580689583987934466e+00,-4.780974948023528071e-01,1.805090479027471329e+00,-2.379017942907276861e+00,6.342524838316010438e-01,2.514613254303420753e+00,-4.700097069781532522e-01,1.265025281339809293e+00,1.544692422442663915e+00,-2.050659601835473078e-01,1.352078446500798004e+00,5.671399179473586294e-01,-1.020163293279515271e+00,-3.220360292109764044e-02,2.713866734080343512e+00,-4.885026253192194523e-01,2.089797099297109995e+00,2.825047227628942337e-01,1.008715348457489114e+00,6.247893509260864509e-01,6.311899799039165648e-01,6.215789948487107086e-01,6.103042064773093189e-01,-3.058042976395322632e-01,4.935808815685267525e-01,4.126622271933407804e-01,-2.022198240199824415e+00,-2.773273772029369422e+00,-3.655971480998004286e-01,-8.746156878789665967e-01,-6.848061114427720364e-01,-9.230149843825032896e-01,1.417046385705650779e+00,-1.499633829443037802e+00,-2.242218471577979599e+00,4.723436341686676698e+00,1.283748524084632914e+00,5.001064694904870294e+02
6.925776274651544995e-01,4.742137405220413493e-01,1.408925574503483991e-01,-3.017122491605685131e+00,9.487077871389831829e-01,-1.380700640825779812e+00,-1.824653713300866009e+00,1.202101242879059367e-01,9.087473206845351203e-01,-5.552230633615280464e-01,4.731935003533298961e-02,1.965708555143250269e+00,1.948537054415712566e+00,1.479719340135520755e-01,2.374048259770914715e+00,-1.182124476177495609e+00,-1.163934021693050269e+00,1.722337881536087245e+00,-5.263828874362386223e-01,-4.197316608500144541e-01,2.495839349793999684e+00,1.475728556213475651e+00,7.395703982936985277e-01,-1.910786869886321959e+00,-1.695092147656130255e+00,1.391796619419823688e+00,4.004124611333130246e-01,-3.627004133716275613e-01,1.709052450226138165e+00,-7.477228213939166590e-01,-1.039499047175046043e+00,6.366264921255762044e-01,-1.443186030373178719e+00,6.014080241347783407e-01,6.697615472516643687e-01,2.021772692077074218e+00,1.121599428935457388e+00,-9.460667317724287262e-01,-6.142705950611020427e-01,8.644152127351795167e-01,-2.510563579220010055e+00,1.057412881500501722e+00,1.280635384712452751e+00,-1.534931830837889422e+00,1.169353333437410214e+00,4.777816011222399517e+00,2.221523816096945492e+00,9.120598263362221791e-01,-1.226156174914304176e+00,-1.636447133646762975e+00,1.717725604429430675e+00,2.306238095739562954e+00,-1.168912044429476937e+00,-3.340771158472743974e+00,-3.202358371000628701e+00,1.690496308488790955e+00,-1.335487984549284524e-01,-2.204581079771840812e+00,-5.571677458426280705e-01,1.092231779124165136e+00,4.577297509181593727e-01,-6.350958099293820824e-01,1.698705184241346089e+00,1.814687658009863647e-01,1.804760883337374056e+00,1.284848878625708624e+00,-5.870889802107766009e-01,2.320389767050853091e+00,1.259806874271831578e+00,1.438407780269694847e-01,6.215724762967096417e-01,6.637706049766984862e-01,-9.172228344086308383e-01,8.355455538102878055e-02,3.664666352347085154e-01,3.472874178883796903e-01,2.247036262601104895e+00,1.190721636962231322e+00,5.806936730619108866e-01,-1.151083890734913906e+00,-1.243604300474955016e-01,-1.245202665556105259e+00,4.283715912413818216e+00,2.301272352768198637e+00,2.245873995209067608e+00,1.700624925673414611e-01,-2.580967858524855441e+00,-1.135473648286330572e+00,1.269892790996566490e+00,-1.378353369988692956e+00,3.181830000457680718e+00,1.784058515118794652e+00,-1.491791865097399222e-03,-2.001804139670321003e+00,6.647171252329109326e-01,-1.585997500406496341e+00,-1.896241642333848620e+00,-1.108867334078131206e+00,7.133079152668487799e-01,-1.967771767472406008e+00,3.227155499202531530e+00,2.127001319486103714e+00,2.363310044141103961e-01,2.991760633230871935e+00,-1.460119015098531259e+00,-2.835689647927621682e+00,-4.788585395597620420e-01,2.058462345577754427e+00,-1.866459658295597901e+00,-4.444915569046558046e-01,2.311015876114572265e+00,2.073156749573862090e+00,-1.322402330866806475e+00,-7.796828400412714188e-02,2.220639756878305171e+00,5.433501500958293207e-02,9.502718447461648565e-02,8.173340797219299514e-01,-7.378323457241410255e-01,-7.137207418586972718e-01,-4.909180788151166208e-01,-9.464354811238065990e-01,1.152131369799136218e+00,1.521820055864678611e+00,-1.690907743067002533e+00,-2.262953306977294687e+00,1.242962022277189771e+00,-4.627168952921701939e-01,-2.808820299672453391e+00,5.901406334710829205e-01,4.440134635190159940e-02,-1.305148202134985003e-01,3.417404036356602948e+00,-8.743184889894437539e-01,1.478410576131049758e+00,-8.896999753620060680e-01,9.388758394258029938e-01,9.661519866058933259e-02,1.887267033756167556e-01,-6.761136853646557143e-02,-1.343466555958045539e-01,2.878325422852020310e+00,8.164984051743560955e-02,-1.881460246041464224e+00,-6.033978778870398019e-01,8.506138446576657630e-01,-1.495989610820777749e+00,9.462887361412136711e-01,-1.208701173756027814e+00,6.833313343636124859e-01,-2.132464570156745176e-01,-2.404794913459606498e+00,1.012705590357892704e-01,-5.378948402795791228e-01,1.772153133320753415e+00,-2.771932684758779963e-01,1.046436926365474918e+00,1.684838517046163719e+00,-2.788643761829152190e+00,7.232762222902563432e-01,-2.296207031383940000e-01,1.765036326531164379e+00,-2.248158440984457940e+00,2.797709166266723613e-01,2.342742008129472975e+00,-7.743978327212104329e-01,9.434644731306804921e-01,6.420110385951066645e-01,7.831458130051149880e-01,1.718751401725826522e+00,8.662726556794755339e-01,-1.167146227022346938e+00,4.558648901135652354e-01,2.619700465162487557e+00,-4.137196690253037712e-01,1.852372789619505911e+00,4.359340314035267117e-01,5.196200483292509054e-01,2.098792731747833873e-01,-1.823627883734290078e-01,1.462666142199249064e+00,-3.093222646659593567e-01,-2.456553605380584482e-01,3.589088315196274914e-01,-3.147562090517404959e-02,-1.855069982171693832e+00,-3.183839067139318857e+00,7.666777358973572154e-01,-1.662947421027633155e+00,8.181527003276053422e-01,-1.084715843280512626e+00,1.256893025394898444e+00,1.289874018852913418e+00,-1.511103548537904739e+00,4.956459573948176711e+00,2.590461695254996588e+00,5.003036717318990441e+02
-4.209716501158736190e-01,3.489000833414607761e-01,3.199201952573337004e-02,-2.401069712144837442e+00,6.709263850608294666e-01,-3.563928018033734046e-01,-1.676506183461823563e+00,-3.781938759784643223e-01,1.240001212811433273e+00,-2.116845886679442845e+00,3.294001654394950185e-01,1.867489476376056112e+00,2.830331452561121175e+00,-3.526759856648559177e-01,2.364416228786915930e+00,-1.374156588049836980e+00,-1.645715224341467220e+00,1.036329070380199280e+00,-4.068885710173933967e-01,-1.912151151430600216e+00,2.545834159206966874e+00,1.247953797467428183e+00,1.194787287653563457e+00,-1.096739383930301903e+00,6.410020554559786587e-01,6.144222305413317153e-01,1.964347243486047834e+00,-7.198194161830427928e-01,2.159034353749074597e+00,-1.633598735245983757e+00,-1.402407492985782378e+00,1.598197584864215759e-01,-1.713711207549886373e+00,2.974926682526812804e-01,1.588799290598077896e+00,9.868390758210308089e-01,8.073348856342611457e-01,-7.399220855785815232e-01,-6.597774007526623352e-01,7.255501502830635774e-01,-1.558139663195789781e+00,1.855666525314664694e+00,-2.858403004364555855e-01,-1.848051596242287431e+00,5.473180451346825182e-01,4.281102574036598440e+00,4.644441961831585752e-02,4.554758188233372362e-03,-1.335258488609231797e+00,-1.129032580980130707e+00,1.931827867080477379e+00,1.943608330501372050e+00,-7.003828858992119377e-01,-3.085148386116936425e+00,-3.021382486751562624e+00,3.810385405299256067e+00,8.325449764511675399e-01,-2.217778216511278877e-01,-8.414969938248788583e-01,1.340718591622934275e+00,2.084130155907032156e-01,-1.440365354687486832e+00,2.644743339576713925e-01,-3.794702206207308248e-01,1.318314715098158008e+00,9.029573979560826524e-01,-8.116130787747737330e-01,2.475091888479673763e+00,5.227917701047044563e-01,1.083835088027601534e+00,1.915453368116008526e-01,3.927982881640849633e-01,-1.296004135083220099e+00,1.995898401363170205e+00,-4.010676448914258785e-01,4.790695959305241725e-01,2.120392896674936800e+00,8.379998074322441148e-01,4.888968332087065272e-01,-1.196908130363841583e+00,1.136299718662182157e+00,-9.567701117201244942e-01,4.725970972418772398e+00,2.365055314410156040e+00,1.516555666146380599e+00,-1.369716158864112687e+00,-2.672929921388580876e+00,-4.849707442007208380e-01,5.809675569198632372e-01,-1.174131556975396729e+00,1.680119104920134998e-01,2.109071036443591396e+00,-5.871758853421503721e-01,-1.801139350370107417e+00,-1.071730101639396526e+00,-4.489628739908524402e+00,1.195366888170985853e-01,-9.490099554753952393e-01,-7.130507740464819832e-02,-2.256917778168623379e+00,2.669167249846326140e+00,-4.749217419676964314e-01,2.812454138232553524e-01,2.716791962444141451e+00,-1.672660427578746889e+00,-2.685617065622599053e+00,-5.413531144059728906e-01,8.073765184077664747e-01,-1.382796890665918266e+00,1.328570426577133923e-01,2.395557378345176680e+00,4.257184420609721798e+00,-9.486719037969230106e-01,-1.296892130473464411e+00,4.062009425500461846e-01,9.686012054516920378e-01,-5.661415829016462897e-01,-2.535927946912031494e+00,1.248181371170411280e+00,-7.865410033119207833e-01,2.508962757208664573e+00,-5.660958080772015011e-01,1.487823619533544139e+00,1.134552760820655148e+00,-3.026720260413804375e+00,8.629296510344948434e-02,2.026796120960026482e+00,-1.149083174262329893e-01,-3.051405607933303621e+00,-2.183286078452907342e-01,-5.164145104485706739e-01,-8.237236169601690194e-02,1.832287840978353621e+00,-1.155524332765336615e+00,1.371719168308646930e+00,-1.767089683393178179e+00,1.479491255859902710e+00,-3.786028400906105706e-01,4.539684873784246566e-01,-5.691047859120512004e-02,-2.423408757599949670e-01,2.707814839107664628e+00,5.174963105306952249e-01,-2.906197341010082535e+00,-4.527128774367658037e-01,-1.484806028992138094e+00,-2.135575220379066774e+00,5.791729355994086337e-01,-4.144015522671748997e-01,8.062929139217759333e-01,-1.998041943230574269e+00,-1.919696005966698538e+00,-3.395471345995236256e-01,-7.414022036564222873e-01,1.760207631944827211e+00,-1.745887226261270408e-01,1.596637916630711640e+00,1.714254206492736188e+00,-2.725567023190385019e+00,3.119256019616337916e+00,-6.144314702728466138e-01,8.164769907338013111e-01,-2.315676483805904518e+00,3.745746167596065712e-01,2.860850940908389539e+00,-1.195035522851928045e+00,1.106732322144161396e+00,1.693302276264798234e+00,-8.328062130020329468e-01,1.312257889010894907e+00,5.535460667888003616e-01,-7.296557238000533907e-01,-6.930305022136284965e-01,2.304193919279285296e+00,5.535944234213076992e-03,1.763994527988245409e+00,6.786049803627005605e-01,1.838340798644547469e+00,1.562366708546046645e+00,3.442157701325997410e-01,1.651767122965293932e+00,9.010596510283942484e-01,5.545639713333533338e-01,4.181279333369504192e-01,-1.943748209734703081e-01,-1.020184794103199621e+00,-3.205330101775139884e+00,-3.608471404002758787e-01,-1.383703188007594509e+00,6.641421464840775446e-01,1.655625186909266966e-01,1.829782046785616956e+00,7.881977314395376411e-01,-1.923308195718162139e+00,4.889162193827324643e+00,3.323836128796881173e+00,5.003139948970260775e+02
2.315262849758853991e-01,1.168743262898022994e+00,6.680501803153571228e-01,-2.297003213965851387e+00,1.130401361734146182e+00,-6.216175951644529185e-01,-1.984420263860320333e+00,-9.272963955154828186e-02,2.361389235908296413e+00,-2.143614220844284990e+00,-3.154521251896957312e-01,1.862077357513852505e+00,3.042530634429233771e+00,3.678732818555689732e-02,1.969874108080109876e+00,-1.272145277579269207e+00,7.419105128719412079e-01,1.690146471225954627e+00,-7.755640774484152677e-01,-1.785659811493788718e+00,2.233938160783017324e+00,1.854538230558462342e+00,5.052557283876292216e-01,-2.057411485504436310e+00,7.579795801726275650e-01,8.431773716230984705e-01,2.619050771165938762e+00,-5.738066540883032252e-01,1.001215260227135806e+00,-1.265337814695518315e+00,-1.163907005032868591e+00,6.167351208931199924e-01,-1.628824199496909042e+00,2.179689724625198666e-01,1.487601614846065567e+00,1.027947246814290727e+00,4.624721804655461677e-01,-1.175268481516994035e+00,-9.368784599365340693e-01,2.463082251569484793e+00,-1.473325934930752812e+00,1.490150630714105029e+00,4.465489398915896690e-01,-2.165837722291847012e+00,2.825804180207338034e-01,3.539916671907028523e+00,4.200790941009102109e-01,5.064844169281511599e-01,-6.374076018122613041e-01,-1.947879889656422447e+00,-2.285468377050039329e-02,1.560221267991164007e+00,2.185141010302904252e-01,-3.572002858827807881e+00,-2.482496753046646187e+00,3.957507033723544065e+00,-2.696584606279785468e-01,-1.187940144098349693e+00,-9.068284438707676642e-01,1.077249189605464341e+00,-7.204146098171160251e-02,5.527876017129524922e-01,1.405806845540794825e+00,-8.979977593997854335e-01,1.481760280396533069e+00,9.687754380758943906e-01,7.429874526398951851e-01,2.206166813524828463e+00,-4.676868483296458545e-01,1.362375464934440394e+00,4.631296060662278280e-01,1.229273411962148899e+00,-1.087854397348820390e+00,4.941475357215471265e-01,3.299375913383419956e-01,2.196777628982408137e-01,8.149323462955931907e-01,-8.987270601592471653e-02,-2.371947053960550833e-01,-2.041903088156623025e-01,6.147249655784093880e-01,-1.015778346468155569e+00,3.572890506409818201e+00,8.986450966332200085e-01,1.995379160178462508e+00,4.412964936875503619e-01,-1.621924067321796947e+00,-1.158842521989362634e-01,1.622580425916400060e+00,-1.271420080143520925e+00,2.978195740457541874e+00,1.679529633386787735e+00,9.676855575715824775e-01,-1.917710978431105939e+00,-1.472032357348090681e+00,-4.862513623023733800e+00,-1.213999204187868219e+00,-4.616797174784161850e-01,-1.657260040197559847e-01,-2.419858231240954005e+00,1.585720403357211428e+00,1.648622637320954265e+00,1.046670487669822402e-01,2.186138135836805052e+00,-1.188802153551713037e+00,-2.863182315900381969e+00,-5.703651472495860908e-01,-1.530774375076326965e-02,-1.985159644270631851e+00,-1.705433811264690069e+00,2.393099562330088581e+00,3.035881070128959358e+00,-1.065448483720827122e+00,-8.980253616301445696e-01,1.411993969322795195e+00,3.680353103522625569e-01,1.525451654702568494e+00,-7.233162730502709081e-01,1.548492722841037894e+00,-1.401886725970202585e+00,-3.412922998713195377e-01,-1.788085358826968951e+00,3.503754972316333038e-01,1.139607884575865704e+00,-2.160156068178832101e+00,4.969667937837546345e-01,1.730410981154686834e+00,-1.332273843877881947e-01,-3.147820982403323864e+00,-6.240108983864957048e-01,-4.600380793379955646e-01,1.462191069573069324e+00,2.284690266313821994e+00,-2.800200199433074966e-01,-1.715304676335596801e+00,-5.966987462513024809e-01,1.009242125772615406e+00,-1.905710988176555210e-01,6.995768979873635551e-01,-4.963248149949324173e-01,-1.045344859678742910e+00,2.797262397083807972e+00,9.868948488767212424e-02,-1.081848439879029122e+00,-1.178972294726302827e+00,-1.194672740351398588e+00,-1.908613279026702747e+00,6.108064576010381330e-01,-2.041562902871922880e+00,5.175983505474829327e-01,-4.722888326900576139e-02,-1.451094568721770450e+00,-3.036785141163664825e-01,-1.223429589975993270e+00,8.890758628969515076e-01,-2.725604209895698404e-01,8.211796712507467566e-01,9.366569057133228293e-01,-1.963405486999534322e+00,3.704668818297723210e+00,3.982837278192516428e-01,2.072491399078284502e+00,-2.462136330346518243e+00,-2.160428085003069515e-02,2.200473686641418070e+00,-1.732543639756639053e-01,5.625474334362621232e-01,1.630088405904328352e+00,1.637107429455479934e-01,2.002742148458407367e+00,-8.348635637892007910e-01,-1.401736570285814443e+00,-6.908750730925971029e-01,3.274457470214972243e+00,6.323699190794731528e-01,2.546026603815640499e+00,3.024305542616969600e-01,1.009359827965987000e+00,1.229919759472397844e+00,9.798902952335275529e-02,4.307816482652545437e-02,-1.263185328561019227e-01,2.286341378153106119e-01,5.672196952269940029e-01,-4.565886353803384479e-01,-1.097390161065126879e+00,-2.958220799992401506e+00,-1.390365409923089990e-01,2.354161044243488210e-01,7.162855772908033325e-01,-1.052542372779917912e+00,5.850192393862390094e-01,-1.519336097221532622e+00,-1.557984709815889657e+00,4.750347569341187182e+00,3.518566872162381287e+00,5.003569072127046979e+02
-6.206033442630657510e-02,3.175674764586386423e-01,3.388663253945425335e-01,-2.749493346197526389e+00,8.706684822488058861e-01,-3.872991202036282221e-01,-1.734858951216076806e+00,-3.180249831557417917e-01,4.480949144879056156e-01,-1.952285346636052799e+00,-1.757761137399255491e-01,1.945154065182394643e+00,1.833665429598074326e+00,-4.841866794960936193e-01,3.169541649985552212e-01,5.803367292699893598e-01,-1.304058278466599052e+00,1.395778068759043089e+00,-5.808028189237893907e-02,-1.992794996544137609e+00,2.195460349928800348e+00,2.462678060546048264e-01,8.418043004329462953e-01,-1.501014531547092135e-01,4.396332234866042743e-01,4.975550410754892017e-01,2.474614537883785381e+00,-3.496853958447024846e-01,1.374114949204975122e+00,-1.070484826962516900e+00,-1.150986430362582968e+00,8.678349834375523320e-02,-1.295527090210298660e+00,1.004370289032868041e-01,1.036152770372342102e+00,9.427750751538354068e-01,4.886178804939358411e-01,-1.067960659823545377e+00,-2.066922153463673362e-01,1.718673413732384248e+00,-1.939714315503815900e+00,1.521461007442532987e+00,5.666502347440279808e-01,-2.202581198870565693e+00,1.459806241192506793e+00,5.043323082653826006e+00,1.033387229944721541e+00,1.027200546120921487e+00,-1.133051042361702843e+00,-2.244112424776499193e+00,1.140086507269910010e+00,1.501650871240703289e+00,-3.958555945859542069e-01,-3.773817650767570697e+00,-3.089166578506517435e+00,4.655792060899333507e+00,-2.111634064271206701e-01,-2.269864415531666069e+00,-6.043274616376669295e-01,6.385356041563408636e-02,-7.150892046769672383e-01,-6.847157461036339487e-01,1.001715167827530228e+00,9.444806658793401810e-03,1.572723667348902454e+00,1.572398276289267205e+00,3.038911214043333309e-01,2.927820224284616302e+00,1.326103245838120559e+00,1.192043610399595721e+00,7.397210465479245878e-01,1.407673641247227936e+00,-2.981069340363622366e-01,3.554810140087148462e-01,1.287875773532273671e+00,5.748427081382235793e-01,8.523345078186871093e-02,2.939123222701729987e-01,8.024039572093469852e-01,-9.826276823474954236e-01,6.339325727236199137e-01,-1.043798144303120567e+00,4.259306211779530393e+00,1.749399298014603144e+00,2.023577323193108679e+00,1.145661550944724549e+00,-1.056726902936944601e+00,-2.182146547540091824e-02,1.712681317663712344e+00,-8.945717599308500301e-01,2.995365983646904873e+00,1.555696485382610295e+00,1.167725177560906547e+00,-2.078492141431297124e+00,1.069154498507903783e+00,-4.398386239731104652e+00,-9.761463083142526420e-01,-3.232824742697206211e-01,-6.328500130667757961e-01,-2.015296031783778918e+00,3.784901866632922385e+00,2.300473119341317041e+00,-1.694256412075900164e-01,2.756405559352669510e+00,-1.675402705362734723e+00,-2.342118547994054278e+00,-5.045944583849657494e-01,1.167696492859811697e+00,-1.380706296556567958e+00,-7.565745876578073847e-01,2.172126341919220494e+00,3.046546493130844802e+00,-1.023809247188964155e+00,-1.181194572154730338e+00,1.561686188824988664e+00,2.363214571265775110e-01,6.812567201450202559e-01,1.351460478462471970e+00,-5.669259510717432615e-01,-9.562385480725388298e-01,-6.297763136646129523e-01,-8.359931719527828875e-01,4.534269534105936472e+00,8.224425832640194223e-01,-3.252592010952528589e+00,-2.288774656942332619e+00,5.346181658036719408e-01,-3.370201703856469666e-01,-3.491202215656949992e+00,-4.131075948337457060e-01,2.433405737585741802e-01,1.609953082136616587e+00,9.456867321111822600e-01,6.741998511580286069e-01,5.346292803373563496e-01,-1.985264209934248791e+00,1.825775360386607815e+00,-8.389164783219056343e-01,7.752700404798651412e-01,5.222429061112874304e-01,-1.825119402725773610e-01,2.127397408039083615e+00,2.671108242990302695e-01,-2.961930829616152838e+00,1.025773131740699284e+00,-1.328470335692558013e+00,-1.805046988928839635e+00,5.204997132852779984e-01,-9.898737190404950370e-01,8.185006781041800350e-01,2.625158503033729607e-02,-2.381666055032246820e+00,-3.472506496056903535e-01,-2.416448027558878664e+00,1.734123181305740724e+00,7.364916266226925745e-02,7.365914905936215007e-01,1.640950377034241292e+00,-1.668404842004345801e+00,3.712705143718539880e+00,-4.746854546980437961e-01,1.570573992399023844e+00,-2.176320215374728306e+00,-4.654023751003161236e-01,2.616555917341030213e+00,3.065008702666834894e-01,7.495041920457325979e-01,1.411021329173753225e+00,6.524472040850390897e-01,1.707268387180382874e+00,2.178031462210660574e-01,-7.227057300547082841e-01,1.503865168343651026e-01,3.015563430997163064e+00,3.638281628484774100e-01,2.006503205705658655e+00,5.087398517516913410e-01,4.812055295696058832e-01,6.010640582141232313e-01,2.871529880436270776e+00,1.559686360886982648e+00,-8.776755662455957285e-01,3.794467793382841903e-01,1.946173260682162232e+00,3.473684894282482727e-01,-6.896632280155419181e-01,-2.536289595815352182e+00,-1.290193344003526255e+00,-1.253224497329390008e+00,1.143367421013072871e+00,-7.437421793074343590e-01,1.427214674828857888e+00,1.419756738546387620e+00,-1.898218696577659959e+00,5.372562267932157631e+00,1.200533942488133610e+00,5.005672025435544015e+02
-8.549475838887074519e-02,7.033136406673614616e-01,3.362729552547003564e-01,-2.309223478135306262e+00,9.576977147658300993e-01,2.813720335973228792e-01,-1.461581161815831198e+00,1.243673946830572696e-01,1.199936370149346621e+00,-4.933689938409357434e-01,-3.725435390873231278e-01,1.905745225219437344e+00,2.173650848022737669e+00,-7.544701270314537744e-01,2.171633060446350072e+00,2.105669803005381369e-01,-1.345880210321600323e+00,1.001674539939793496e+00,-4.245469333894946184e-01,-2.230091886567555637e+00,2.032085202097985377e+00,2.270500470478799271e-01,1.097564708000595024e+00,1.456479641935571473e-02,7.420181336560824903e-01,1.083247893864622835e+00,1.844563429542781297e+00,-4.968268275286272240e-01,1.139662263793690400e+00,-2.282980731340630953e+00,-8.782617964420130763e-01,1.459300386365426361e-01,-1.710073891134122670e+00,1.060315459233994451e-01,7.310803225496652624e-01,1.455531967508036928e+00,8.732684917808205549e-01,-7.277631554285406423e-01,-8.577927347358680343e-01,2.500409073339228350e+00,-2.532676063513746190e+00,1.208602648584814254e+00,5.039332494385241612e-02,-1.632013767376740310e+00,-4.667424743967139023e-01,4.500735895657987484e+00,-2.377912728861539815e-01,1.237508859586935461e+00,-1.029912172768166823e+00,-1.803014904226134751e+00,6.133048536109224347e-02,2.124592519063622564e+00,-5.719780716908101637e-01,-3.376139423175942511e+00,-2.936192696095116350e+00,4.657322840888922677e+00,8.457734232432673194e-01,-1.255665176250446269e+00,-2.035838693366532226e+00,1.412425002788115336e+00,1.668535674195156804e-01,-2.528212274560841522e-01,3.782054007045207444e-01,-1.289188233145085904e+00,9.121499446970449121e-01,9.678262372423280802e-01,-7.779061989578268665e-01,2.383042483567939573e+00,-1.001057982191258411e+00,1.011253304801221775e+00,1.914238451808855102e-01,1.923636453364834686e+00,-1.267289185729198353e+00,5.168576225851756467e-01,-2.211848149516372763e-01,4.625298744612871271e-01,4.968905571390106468e-01,-1.835765551837545695e-01,3.780310474893124328e-01,-9.809245019824777145e-01,8.187007915889087384e-01,-1.202682713008089266e+00,4.155912482407942754e+00,2.367818286220015889e+00,2.022309290302374496e+00,-1.575207082541026704e+00,-9.210582674958645022e-01,-6.420696616698755577e-01,2.040606114950075156e+00,-9.683696189551899147e-01,1.295179895689905214e+00,2.001211339834223502e+00,-4.427883063333089009e-01,-1.719045299265331561e+00,9.460191180957583379e-01,-4.540114193245548435e+00,-1.582931152175791834e+00,-5.702869030385119276e-01,1.343198952244244182e-02,-2.238817742461360449e+00,3.258107411700663647e+00,2.098416529175675949e-01,1.480035296927757205e-01,2.977523435792171824e+00,-1.488185420512738943e+00,-2.005453170597490065e+00,1.214024822512624002e+00,1.821718074155039169e+00,-1.833191064768763701e+00,-1.525445200667036705e+00,2.127171168023162195e+00,3.315274002569689404e+00,-4.572626860187780085e-01,-2.234042333709888514e-02,-1.552686760658306131e-01,5.144858027339631601e-01,1.146827748839753358e+00,1.041953989127015978e+00,1.327994582513656097e+00,-9.618358336150518717e-01,2.284106503899332008e+00,-1.883176352197859282e+00,1.269326122856678563e+00,1.274162824008180595e+00,-3.320337533481076520e+00,-4.453447287395689846e-03,-2.414930592340843729e-01,6.493745372066417332e-01,-2.907107666840051508e+00,-7.204364056316155951e-01,2.335733452084512995e-01,1.273595331356915272e+00,1.764394092162553829e+00,-1.088872133775727891e+00,7.144527398499812554e-01,-4.784563303032739190e-02,1.113794278823678763e+00,-4.249134861314527445e-01,6.864056578676253073e-01,-9.973298000482952452e-02,-2.352979659452675287e-01,2.759351274922797526e+00,5.779084255866154818e-01,-3.404360043807760583e+00,-6.881999173124776492e-01,-1.407666138531777911e+00,-2.040603314691681103e+00,3.779811592419500821e-01,-5.671888514645840873e-01,4.959053001623892065e-01,6.375632585479762415e-02,-1.789911802565493204e+00,-7.516097341886811556e-01,-1.471074629967372260e+00,1.291387699777785336e+00,-8.624154637030212456e-01,1.487477266394640729e+00,8.815025775824935073e-01,-2.278953925101368405e+00,3.156302468727306021e+00,-5.850490612557275316e-01,1.003622067318959310e+00,-2.374075030455488733e+00,3.165882076608382834e-01,2.433101233633826688e+00,1.064928790405444303e+00,1.297677264049920343e+00,1.716881200002763563e+00,-2.320460623680930257e-01,1.331239247825242167e+00,5.387455684029893721e-01,-9.666332296104509503e-01,-7.168473209503705146e-01,3.105714763247538812e+00,-4.771924479498110272e-01,2.280536848999653365e+00,6.167065449483115636e-01,1.136885274059929340e+00,1.491003129617233469e+00,3.219928290390100756e+00,1.776948896749228402e+00,-8.788354837876370951e-01,6.501316992234135173e-01,5.779409794996541727e-01,1.059925728931217781e-01,-1.112386291375693226e+00,-2.405529456731500648e+00,-3.536671052661655157e-01,-8.078230460175872540e-01,1.206126736048596992e+00,-8.023721606761714531e-01,1.065489077047491406e+00,5.446567050405602961e-01,-1.568982508106902651e+00,4.968923396528346359e+00,3.455956335393435275e+00,5.007903437885433959e+02
-6.457166695145391544e-02,9.684457100043257771e-01,4.565484332424314395e-01,-3.076831269646299383e+00,1.068755528213555683e+00,-1.134800258081647695e-01,-1.554711700597499746e+00,1.061703757956223571e-01,1.369895795491749446e+00,-1.963764836299179084e+00,-1.373426810295388656e-01,1.810865031848060136e+00,2.126043900552813781e+00,-4.954466939112384671e-01,2.217619860637915608e+00,-9.893258195395362997e-02,1.023780349323473865e-01,1.499833660402369429e+00,-1.189726164428435373e+00,-2.654671247934880629e+00,2.046215065495062380e+00,3.967197892521058256e-01,1.131526608002112910e+00,-1.462428702937920821e+00,2.034585073665433619e+00,1.005316105757626532e+00,5.702697378480418022e-01,-7.921939749024597965e-02,2.375024356857752483e+00,-1.797368348857937725e+00,-2.667897337203055219e+00,-7.233151301777600573e-01,-1.343104216531936901e+00,9.644519944829976765e-01,7.294378044361149449e-02,1.336938439350888075e+00,1.055967721971819318e+00,-1.372750645150863091e+00,-7.723119329498806529e-01,3.526764289174164069e-01,-1.718818369465541673e+00,8.904046439998767326e-01,1.393248081484314671e+00,-1.759037353783004853e+00,7.031302117174047517e-01,3.563643639252268347e+00,1.115221194259323756e+00,-1.760445577516073223e-01,-1.559295706855007957e+00,-1.944576564064854018e+00,1.317666410751635597e+00,2.151816276326910415e+00,-2.373915826973619581e+00,-3.711258206446700125e+00,-2.809714722272121268e+00,4.785893222146590631e+00,9.364058311437464255e-01,-9.056733045874230115e-01,-9.734815343056612003e-01,9.834393703753040450e-01,-7.930866795269994052e-01,-8.617753719309942939e-01,8.115163310226150561e-02,3.106799610212360174e-01,2.070531440926482336e+00,1.077567496385756440e+00,-5.356353360291701282e-01,2.649594695365222741e+00,1.292302576374179113e+00,6.999463100770066948e-01,9.297362169167915358e-01,2.197455134523206066e+00,-1.266101745248008337e+00,4.482477036877303145e-01,5.247362708998000169e-01,2.865028764391757576e+00,-5.284562406443601423e-01,6.701370106530687432e-01,3.906763452490950028e-01,-1.313257544395790122e+00,-2.939640149137823788e-01,-1.319392707244967822e+00,3.851915019170841337e+00,2.192135037647354068e+00,2.493930515796120240e+00,-1.890753479347422328e+00,-3.335819326249872319e+00,-7.549526584481014435e-01,2.282284236684323897e+00,4.796863319483434807e-01,1.099352335430160421e+00,1.861978741766353362e+00,9.651801716192317526e-01,-1.804415370656468065e+00,-1.738199860914395600e-01,-2.013020856132164749e+00,-1.441725811272823954e+00,-7.693567526799925949e-01,6.316063288534117248e-01,-1.670371015827532446e+00,2.822590736155330848e+00,1.901149135592301143e+00,3.215968989539096379e-01,2.795034702747757116e+00,-1.407499848421414068e+00,-2.633387478513796509e+00,1.784566060701528123e+00,1.603805583967717885e-01,-1.603023260867100230e+00,-5.305480165544939064e-01,2.954977395697631515e+00,2.505543582084499121e+00,-1.178100824229417531e+00,-1.828559331331825188e-01,5.514246418506140168e-01,5.203421664587739581e-01,3.937989719357380958e-01,-1.771450122111587033e+00,1.396488315879424347e+00,-1.075790884094101507e+00,2.238140995281699741e+00,-1.047411985269904644e+00,1.299338171729057079e+00,1.134583210855378832e+00,-2.051258613471659498e+00,-1.902313194023499188e+00,-9.900715823637386281e-02,-5.997660299040099563e-01,-2.712352430430025940e+00,-2.113684076801017331e-01,5.272055515978451012e-01,1.406435712619513723e+00,1.858507679327286333e+00,-2.944795064214311697e-01,-1.794871871909981209e+00,-2.308993856717634352e-01,1.702458891079561942e+00,-5.144459449635654380e-01,1.245299125393342088e-01,-2.711207509263819926e-01,-3.363546977229048274e-02,3.214835431190543158e+00,1.537509460342411649e-01,-1.529508344094115069e+00,-2.773264961877938140e-01,-1.420175116251225278e+00,-1.296620000362921798e+00,3.709567499921265776e-01,-7.879448999118148222e-01,2.276757457445356958e-01,-1.898573803876377530e+00,-2.015007882328547772e+00,7.998822931136680137e-02,-7.234059332909045237e-01,1.029570532496532076e+00,-1.241860921221725089e+00,3.923055617165201459e-01,1.637204232488816080e+00,-2.049046503815179499e+00,3.725698862430099734e+00,-8.354093878279179597e-01,2.036515798376530295e+00,-2.391444739398499664e+00,1.738735700276113627e-01,2.176246268765107850e+00,9.046392987523036444e-01,-2.665754637761234003e-01,1.213207441906116735e+00,7.057362455439478710e-01,1.328591646473431753e+00,8.644689388669507535e-01,7.576003827514133926e-01,-9.261026976169843827e-01,3.387850442060701628e+00,7.403510539031801785e-02,1.446354344751059617e+00,4.494619895651522645e-01,8.764572174865624676e-01,5.776620878463756270e-01,3.298267549590021996e+00,2.122542033589474020e-01,-2.789014161641872880e-01,6.624524634502884091e-01,1.860252765829082389e-01,-6.434091362729667252e-02,-5.918644619090317471e-01,-3.265625406179582857e+00,5.471770617148424831e-01,6.127896787134217149e-01,1.047032136962614990e+00,-1.791400943878659557e+00,1.244701423926909634e+00,1.456208651491257999e+00,-1.374105049704829717e+00,5.170998509422146228e+00,3.893485302379505519e+00,5.008651494023670807e+02
5.000575928453376839e-01,1.038291346426366335e+00,7.948857599266708762e-01,-2.524482492231627795e+00,7.919683860164308253e-01,1.314732740924522414e-01,-1.562931491994004052e+00,-2.348076842286856980e-01,9.648805066513235218e-01,-1.431583947203281193e+00,7.911930538389297385e-02,1.836721526483665157e+00,1.972382448734181448e+00,-6.121843531228862156e-01,2.234713127407543354e+00,-6.624659039081540746e-01,-1.686888980222536638e+00,1.477452317334804865e+00,-6.619913443368345973e-01,-1.705512676995204702e+00,3.304297475338806578e+00,5.192929341682984701e-01,1.351388154629706850e+00,-1.981264045822350273e+00,7.198766327979577717e-01,9.234071139402900696e-01,1.806001684900547355e+00,-6.925078219568409077e-01,1.274302057577811897e+00,-1.540940555226266939e+00,-1.068784476967668651e+00,3.758774529874197023e-01,-1.700542309330561386e+00,9.910635637372228191e-02,8.114921757428970039e-01,1.580981056377469329e+00,9.009835426166615813e-01,-8.654805636892792808e-01,-9.984756807703807358e-01,6.198294216349047314e-01,-1.599639223793678511e+00,1.102816211539134228e+00,1.857831216722807932e+00,-1.971512812540959780e+00,1.005778637917544627e+00,4.127122814673343854e+00,7.478275031107390891e-01,1.343470620636696422e-01,-1.225767252038211241e+00,-2.019001636509833997e+00,1.251579226748638085e+00,1.826468534635878882e+00,-3.206024860204104154e-01,-3.646306054925966489e+00,-3.349859944397095557e+00,3.902903416934260239e+00,1.135754744868996191e+00,-5.959345993037513667e-01,-5.691939825887109006e-01,1.451884135569156298e+00,4.221134736050700664e-01,-6.183210552410524086e-01,8.941100913640815939e-01,5.210952008312058625e-01,1.489731134209954622e+00,1.171195691405979428e-01,7.416209915614668802e-01,2.371858279533410663e+00,-4.188460695199174300e-01,9.469286697224450489e-01,1.853574837753847460e-01,2.410556480982913308e-01,-1.346886090193095242e+00,4.653784473024255575e-01,1.172147648455530877e+00,5.278389555216818074e-01,2.808617867200167706e-01,1.171645047348278679e+00,5.994073549008105406e-01,-9.907737330955177502e-01,2.732571086922988002e-01,-9.101259824701054546e-01,3.421806147580742419e+00,5.996358366681966423e-01,1.941944841566688895e+00,-1.530180910448428300e+00,-8.536202882585680607e-01,-8.774467171139828103e-01,2.244599850731388457e+00,-1.072168178310382691e+00,2.962533068282072191e-01,2.123580181411567569e+00,-3.963376314949463852e-01,-1.958654767103855665e+00,-1.795697822598444349e+00,-4.580977618479261437e+00,-2.303692696343786039e+00,-6.709375547820377594e-01,4.949774047217355144e-01,-2.126833162725660475e+00,3.337070068055930427e+00,2.144266749545050477e+00,5.297660470214341499e-01,2.619973156415955184e+00,-2.192013070478796788e+00,-2.598449030710876073e+00,-5.713611919863281763e-01,1.897601164125184647e+00,-1.644560870524338636e+00,1.663901022547775443e-01,2.056925720384869649e+00,3.198522530829855715e+00,-9.567959466260570478e-01,-7.708473408069754784e-02,4.134304544976747930e-01,1.044324127116098788e+00,1.255452003976483377e+00,-1.891440477042263035e+00,-7.862554558004863914e-01,-9.236630174318268827e-01,-7.477021892636679379e-01,-1.039836120834823019e+00,4.672552996078725762e+00,1.179658352748747419e+00,-3.173263431024096803e+00,-1.939170028578828253e-01,-1.199799083253165338e-01,8.339644206997385290e-01,-2.587035477924977123e+00,5.047670659565014484e-01,8.254496680965799360e-01,1.355304092838571957e-02,1.949541359425152942e+00,-7.201627563879272609e-01,6.064719996986082107e-01,-1.920968293447335329e+00,1.318317215677429877e+00,-4.407360243227204100e-01,7.937226782775731460e-01,-2.523199678964324066e-01,-1.384900001007213777e-01,2.735235364358167054e+00,2.677346155203330080e-01,-2.309522849008571743e+00,-6.828089952816090991e-01,-1.343972645620487683e+00,-1.675410958605296319e+00,7.648995357936541062e-01,-6.620184655783447614e-01,9.257304655287635908e-01,-2.046000973350002194e+00,-1.783424366510630854e+00,2.046527408798101688e-02,-1.589303292968419212e+00,1.488170556179626569e+00,-9.187988995713675111e-02,1.161300159013150868e+00,6.976319069374229409e-01,-2.002694702750363209e+00,3.516996202442174813e+00,-5.092293174013027279e-01,6.104069523863489000e-01,-2.181893930867394360e+00,-3.036725285455335044e-01,2.712716807626594839e+00,8.618010454030795575e-01,4.130603642956364729e-01,1.467962042420428492e+00,1.918710525236863029e-01,8.181265162320415507e-02,4.056431574375156668e-01,7.251959495293868185e-01,-1.017245209707773324e+00,2.624049474886595235e+00,-2.085312430029466479e-01,2.052853635096129281e+00,1.445421835982601544e-01,3.416207525817515078e-01,4.991534929829793965e-01,3.051581454826448603e+00,1.489792313845923755e-01,-7.084961810067562649e-01,6.549890430687644871e-01,8.205106158266293193e-01,2.637783991126396721e-01,-2.011058601580512639e-01,-3.426552966207592643e+00,-3.000420117506995554e-01,2.969688686199815630e-01,9.513425520510166988e-01,2.340826324879504983e-01,1.776375750087774819e+00,4.054561397999362216e-01,-1.828460257962751134e+00,4.944891289860841255e+00,4.785872681252623551e+00,5.010203622601709981e+02
1.905506609786219996e-01,5.174171363954309655e-01,2.149072330383584584e-01,-2.392570861035927976e+00,1.054680278887088374e+00,-3.788729758419667193e-01,-1.129428735611539558e+00,-4.389584709917158101e-01,1.310212464831742363e+00,-6.985674813625883939e-01,-5.958993490801758330e-01,1.326325292371981934e+00,2.285409617399599469e+00,-2.442587345664606335e-01,1.156226253927338105e-01,-9.001046741527149453e-02,8.669630728057927671e-01,9.212035313404492998e-01,-1.059997371755656559e+00,-1.770715552999631681e+00,2.321127772390574773e+00,7.654319501244422064e-01,7.709785204321866203e-01,-1.556448160225071708e+00,1.823896645197754740e+00,9.963862117364556958e-01,2.599419268562083829e+00,9.788026815581872819e-01,1.812951187615640114e+00,-2.104816561273131992e+00,-9.468362515114799871e-01,1.216838046223251535e+00,-1.182815969010780011e+00,1.789049497960154111e+00,3.916015686836631371e-01,2.334670447327900078e+00,-4.629355886767463346e-01,-5.527603123248580053e-01,-2.195875287329688841e-01,3.563825986353277853e-01,-4.195301437123299393e-01,1.068792557695187551e+00,6.472784609870098071e-01,-1.700552401804546809e+00,7.844792451977150582e-01,4.652744138948212260e+00,9.471266589952882509e-01,9.611813740383837734e-01,-1.462088606942383073e+00,-2.457913004917176902e+00,3.744695724101618772e-01,1.943007482074114778e+00,-2.941726627757502155e-01,-3.022704275569692456e+00,-3.113679814159720838e+00,3.419415629988117100e+00,-9.083149669848814556e-01,-1.788954127898659152e+00,-2.821209198162965004e-01,1.109095068094720915e+00,-2.546509403589505838e-01,-1.136226651360646267e+00,1.506485347115454898e+00,-1.457585176253971326e+00,2.560608311209500165e+00,9.732199129865823917e-01,7.271909442989799022e-01,1.383900285765478966e+00,-7.833662108242280819e-01,1.660515384989672549e+00,5.235060599942616966e-01,2.239715199919289468e+00,-9.775287596383932520e-01,3.995189630403052639e-01,1.462702094863428837e+00,2.366143383869807604e+00,2.798172240605234062e+00,-2.988355252676797580e-01,-2.158976177677227604e-01,-5.527681855974944103e-01,5.149296235465591343e-01,-1.264183807640549828e+00,3.671012630983651270e+00,2.371501093035994323e+00,2.499631234332783780e+00,9.018904391533729692e-01,-3.106768417501537094e+00,-2.567959464862987207e-01,7.292782871310373727e-01,-1.393174950301223403e+00,2.897288278932582450e+00,1.599712939892057983e+00,3.911246179340309714e-01,-1.703994471484798323e+00,8.820973182383560207e-01,-4.470578238020263662e+00,-2.146916130258236244e+00,-6.158324229568277186e-01,-2.526443784461963049e-01,-1.751411032141222179e+00,5.566561380052537089e-01,3.276957827745700103e-01,3.964858987949474445e-01,2.712041532260984766e+00,-1.601940277144679792e+00,-1.475247981991244295e+00,-1.485548474713523082e-02,-2.178029045742155279e-01,-2.333929199553850697e+00,-9.100618045103190390e-01,1.508379657344021130e+00,1.782644093573378496e+00,-1.449609195591013533e+00,-1.124260529267882447e+00,7.789199546303746668e-01,4.799019410948924258e-01,1.093307686221123065e+00,-2.373170432313627121e+00,2.223872271308051651e+00,-1.174614191193530804e-01,-3.827519979465119349e-01,-1.798249811554974320e+00,1.277117469337727851e+00,1.131303254732421104e+00,-1.681629410620508303e+00,3.978266379226754745e-01,2.209813631648003263e+00,-2.000284864098428317e-02,-4.375202037252702070e+00,-1.118671793577898255e+00,7.999301909086237172e-02,1.678050202346671016e+00,1.778021429719445878e+00,4.219421997910123845e-01,8.635791979728394407e-01,-3.163778262365303240e-01,1.016582721681309476e+00,2.437714580509198203e-01,-9.193946291815978666e-01,1.130242846186338551e-01,1.538370223717831498e-01,2.245815352090905659e+00,4.439203400175617542e-01,-3.017132690272027684e+00,-1.097324082571657478e+00,-1.036360828638553944e+00,-1.566178071053381471e+00,7.430994097030073631e-01,-7.419815721816545029e-01,5.796176815141930172e-01,-9.460251064901159523e-02,-2.331530850308801472e+00,4.085866818693143498e-01,-1.488843572809457783e+00,9.823940959265947681e-01,-3.765882270876818039e-01,6.855697137111048667e-01,2.063127222698246666e+00,-1.453705515806992699e+00,3.242459056438828924e+00,-9.636517884920253740e-01,2.280655065760859745e+00,-2.741325281753425713e+00,-1.939928294007394749e-01,2.578165167142663972e+00,6.789796814726417606e-01,7.213691929845293949e-01,1.705898099877018126e+00,4.562658918677812148e-01,6.263207410674143105e-02,-5.627599226367045737e-02,-9.156191773003641288e-01,-3.443944928965213537e-01,2.697888377555760719e+00,-4.655455958112766357e-01,1.902875629435037075e+00,9.107415148943649452e-01,2.537899280487137532e-01,6.178779219286376634e-01,2.936564677651948951e+00,1.342252966006242110e+00,2.885046245141976717e-01,-7.513458062918436653e-01,1.359847469240257123e+00,3.855371535358909085e-01,-9.566758288432015700e-01,-2.671564613728383719e+00,-2.057127874449370675e-01,-7.267961548867433175e-01,1.411097585860384251e+00,-3.976553284293782298e-01,1.118057536068623570e+00,1.368339279616352933e+00,-1.345436318866573888e+00,4.764758726414426881e+00,2.329667626571566341e+00,5.014319984965696335e+02
-4.933171888315949771e-01,4.951894702856962094e-01,8.805298327427859562e-01,-2.444800335977482142e+00,1.118378323844914535e+00,-5.312761765153587445e-01,-1.110770612829903081e+00,-2.494724510454071897e-01,1.257669679210183133e+00,-6.683961865508190048e-01,2.222305917548954846e-01,1.322659073232921756e+00,2.587620939621501304e+00,-1.782932278105254786e-01,2.153791439325972945e+00,-4.867093152814876145e-02,4.406057315649826722e-01,9.426547099929718510e-01,-9.016968776034921529e-01,-1.682072014013963113e+00,2.004022917518237801e+00,9.527628535398476872e-01,9.480633876290226469e-01,-1.709938272893929190e+00,1.663128447889187234e+00,9.594209342009404340e-01,2.651271695704716436e+00,-4.778842150542899070e-01,1.802738755481154698e+00,-2.066137769230738552e+00,-1.208689084121157498e+00,1.310823601539225836e+00,-2.215087700171542995e+00,4.503122057416238944e-01,1.539977611738314822e+00,1.011516274610403610e+00,-4.710463010833942366e-01,-1.086074893117475959e+00,-2.914698665223461882e-01,4.100622171348488054e-01,-5.129441530816042372e-01,1.004051961696131423e+00,-5.854605572764493004e-02,-1.903152803994949682e+00,1.058890815298518140e+00,4.606554975286820230e+00,6.648571259806128619e-01,1.021356886937005104e+00,-1.501002831158243733e+00,-1.061337535575404445e+00,8.535388663874779458e-02,2.162293425089516496e+00,-9.180379887167392505e-01,-2.986730413798596384e+00,-2.800547720466989965e+00,3.421513035657547608e+00,-1.107701347967151584e+00,-1.840448512722821173e+00,-8.410570900148789386e-01,7.649688396607572105e-02,2.374458550025312642e-01,-1.167344008440373004e+00,1.663706540468150141e+00,-4.427035369158507372e-01,2.599292316002992376e+00,7.238170421318615988e-01,-8.042184713790208050e-01,1.464262453392279006e+00,-1.022332390768559529e+00,1.038604309630656530e+00,-3.477609167950109215e-01,2.031142560775060613e+00,-9.108791874380139930e-01,1.918116860464646134e+00,2.063944585667303738e-02,2.441218385777440769e+00,2.312977071887670100e+00,-6.884420627752717570e-01,4.755917570731159616e-01,-1.196377186260520142e+00,8.496659407105755513e-01,-9.345322361945134215e-01,3.571562940821335186e+00,2.443184437491822791e+00,1.555338566448094983e+00,8.334764928638116466e-01,-2.836728162675404619e+00,-1.980986226271835848e-02,9.366511166183513204e-01,-1.291631495768115201e+00,2.978793224123786221e+00,2.106192240204801891e+00,6.458341141397108132e-01,-1.970583815988002030e+00,-8.622206684822595335e-01,-4.488807776680751260e+00,-2.262794092068454610e+00,-7.916870890669502892e-01,-5.561348993329395807e-01,-2.429065631693748006e+00,2.729539867789096075e+00,-3.762245154992683305e-01,1.233588748416774988e-01,2.501581381771714963e+00,-1.497070939455800609e+00,-2.655783975717733725e+00,-3.452238392460228456e-01,-2.116756941606301456e-01,-1.110219691128560227e+00,-9.634658037543291087e-01,1.470671171538975752e+00,1.822438907074820813e+00,-1.589608949991063058e+00,-1.305724714452765944e+00,9.403660034824206093e-01,1.413314122194334166e+00,-1.921647889480627980e-01,-2.433216572637671771e+00,1.733932530652867232e+00,-8.560770209720253154e-01,-6.954464509829508811e-01,-1.256870815240488826e+00,1.415561269116922816e+00,9.843748052493102030e-01,-1.691318124048247107e+00,3.416612969739266092e-02,2.040540484650185338e+00,1.433417338555277309e-01,-3.428358049343327885e+00,-8.001530940851786511e-01,2.213430974699276965e-01,3.181336379084844790e-01,1.737012143899095085e+00,-3.420860951883816226e-01,1.321041292914118870e+00,-2.673428533963653209e-01,1.017600355977922311e+00,-3.946977109372029058e-01,9.431571313979109084e-01,1.162235425953531132e-01,2.611985949415341901e-01,2.193122618621641262e+00,3.470868010265903414e-01,-3.366558737324214512e+00,-3.407178583343498102e-01,-9.628754514280963850e-01,-2.020831533578737016e+00,6.129053864989568723e-01,-9.391849777738527916e-01,4.385927202812918146e-01,-2.894321755895649106e-01,-1.880278108711863627e+00,3.894040103676864595e-01,-1.783833186057793840e+00,9.751662741362224773e-01,-6.224686725410566446e-01,7.592218010850029231e-01,1.765026109283648781e+00,-2.662442630876701521e+00,3.546547385502518246e+00,-1.028046999764594460e+00,2.412399540991414959e+00,-2.333458042262668286e+00,3.973340117691749884e-01,2.840783974694102376e+00,-1.122659255147592017e+00,2.668872968165424964e-01,1.564248519412671623e+00,3.053998902243196811e-01,1.324658467277846974e+00,-2.654881384878907125e-02,-1.134731337980959154e+00,-9.308175651114439786e-01,2.830116659877997876e+00,-1.874804865201909476e-01,2.074839899728075476e+00,7.359308967705712190e-01,1.635552978408509661e+00,4.067537528188151508e-01,3.016621902926028276e-01,1.720512029827334644e+00,-1.183644351893198943e+00,-3.657630356988030851e-01,9.211138909243495876e-01,2.572775835547949086e-01,-1.279026958992688145e+00,-3.462527544512430833e+00,-1.874080942820750550e-01,-1.600681305375186714e+00,1.309408518761079332e+00,2.373638662542199851e-01,1.300037481415696305e+00,1.430058595395063525e+00,-1.731130116733126778e+00,4.904029244348103056e+00,2.349878129235462687e+00,5.017968073452657904e+02
-1.453425377151520981e-01,9.565314309496053546e-01,5.927563096469335990e-01,-2.789695331641698584e+00,1.265062513183113246e+00,-5.722975233762270797e-01,-1.967458794266077282e+00,-7.786972484906642955e-02,9.169796675351125081e-01,-1.947390119900632932e+00,-2.559025167819334312e-01,1.415837347466031959e+00,2.596863909620277244e+00,-5.674947389069366910e-01,5.556663242694871441e-01,-1.151928438685021039e+00,8.961807691911420903e-01,1.843856596993643127e+00,-8.796041472832294428e-01,-1.939355555962146926e+00,2.157315579676711170e+00,2.117488269607028073e+00,5.335908444445057741e-01,-8.611510487802517266e-01,1.481109601528165509e+00,8.874880328413548014e-01,2.741959131701734442e+00,-2.099455530787638635e-01,1.035400107594186769e+00,-6.552874754544237845e-01,-1.627650866553067566e+00,2.435188907542862047e-01,-2.093894481753522108e+00,2.308170678260476616e-01,6.340755034234302201e-01,1.169238235819471061e+00,5.118917040999081403e-01,-1.491452021835937947e+00,-1.061104550185325346e+00,2.624581780959217792e+00,-2.143685742602694067e+00,1.374810051213749995e+00,5.793481785249989802e-01,-1.749546093396992852e+00,1.801567962442176762e+00,5.054242212666236966e+00,9.733501699449018663e-01,1.030509490164767117e+00,-1.280648510538398233e+00,-2.144685506461228020e+00,1.261688475694835887e+00,1.736111493918013338e+00,-2.643474584006252348e-01,-3.185224229403518681e+00,-2.964592476424778411e+00,4.468097888630881087e+00,-3.932934465980669758e-01,-1.892266879248498679e+00,-1.138950030754072751e+00,1.366942043766103954e+00,-1.310671881472889932e+00,-4.035266027140243517e-01,-5.804933395428559795e-01,-6.865290827768389947e-01,2.310390663243312215e+00,1.661569732043804981e+00,-1.164646815050519590e+00,2.179221904023620926e+00,2.476660113312113831e-01,1.497883684119658998e+00,2.847051469439578764e-01,1.528345890755042458e+00,-1.101916889802905253e+00,3.199819543070372418e-01,8.845877760249973853e-01,2.914149939648818521e-01,4.208351360071532765e-02,1.364013036583149097e+00,4.712909226465364920e-01,-1.182842842374881576e+00,-1.840857133972162718e-01,-6.173170488701542613e-01,3.619700410397404866e+00,1.837322049231624010e+00,1.946290764179655408e+00,-1.658727239114620389e+00,-1.018116591570926266e+00,-1.656409537402360188e-01,1.075013249626755929e+00,-1.378763254872894750e+00,1.060137864957574338e+00,1.736178297377896307e+00,1.184709465309071064e+00,-1.867002594626601564e+00,9.491848729893921366e-01,-4.890452354733863416e+00,-1.463733410574302285e+00,-9.265950797068840394e-01,-4.675536409198463583e-01,-2.481088326977682890e+00,1.361128339215053940e+00,1.772679473214473278e+00,3.217553006581949648e-01,2.757542436038366684e+00,-1.398225672705433409e+00,-2.216731185608542987e+00,1.857085980580507778e+00,-1.584512802001545317e-01,-1.443016145465162436e+00,-1.647601442885550327e+00,2.372654549676568525e+00,2.597522578276265648e+00,-1.252892548781288529e+00,-1.114985502022802999e+00,1.509936744096284977e+00,6.606695581560793062e-01,4.994098795948389014e-01,-1.820848123230716764e+00,2.258077092410207154e+00,-9.860512925994724398e-01,-4.905611762270952747e-01,-1.439063001522471019e+00,6.211444981380361829e-01,1.410116705277940863e+00,-1.703680298068532606e+00,5.099907523600833992e-01,-3.235682708418453901e-02,9.243366827552768061e-01,-2.947163546094773157e+00,-3.851367640636849110e-01,-9.405136623182969169e-01,6.773136578779717087e-01,2.218214172141363960e+00,-1.200033476317195369e+00,4.297091317920375131e-01,-1.797579621731652422e+00,1.657736350398543612e+00,-1.204736739266839274e-01,7.339386575943117608e-01,-2.906399117163353529e-01,-9.286959799727101394e-02,3.018923084267775003e+00,-8.308705392228762920e-02,-1.877303208734647288e+00,1.094284583841334202e+00,1.283185843077687682e+00,-1.064550340290536745e+00,7.085591044850972908e-01,-1.935921266301704247e+00,1.085104745052974717e+00,-2.926736841089515595e-01,-1.208194539333823370e+00,-1.818325179154254290e-01,-8.778587519558818109e-01,8.900976046997532976e-01,-9.727707024430083393e-01,1.284136955492366283e+00,1.785703392382354870e+00,-2.014310212034262637e+00,1.289647628137208013e+00,2.854711088579601208e-01,1.859216659365554136e+00,-2.742395590520989579e+00,-4.467528432713283593e-01,2.956242626557911368e+00,-6.692119075997925437e-01,3.628737841771176309e-01,1.758147020197778465e+00,3.045316267282853206e-01,2.035116304356956007e+00,4.898791631717234751e-01,-1.066295384528281043e-01,-3.516222818284217566e-03,2.608070361466006570e+00,7.398842895534790687e-01,2.090658915976327137e+00,4.581516549032923491e-01,1.258492406436892752e+00,3.132099679814858151e-01,2.982639067939388600e+00,1.184630506128176108e+00,-3.788127603007674926e-01,4.065301296827998900e-01,6.000046299664145710e-01,-1.650553792394085506e-01,-8.923380239733690322e-01,-2.894684891972727936e+00,5.843139769930354444e-01,3.931122024372257218e-01,1.188029445277372531e+00,-9.171934644753277910e-01,1.115515293141789765e+00,3.817045548711541225e-01,-1.151912309662825873e+00,5.669646350569466087e+00,4.376637242121332427e+00,5.995019578222875225e+02
-1.501234780651801437e-02,1.247491308535532140e+00,6.324442966825427614e-01,-2.880994171613979304e+00,7.704123911573682593e-01,-1.531264098243239946e+00,-7.365225058431811300e-01,1.307145237322131781e-01,5.994833876155564178e-01,-7.431644632184806198e-01,-5.553568981985461672e-01,1.433941246898636113e+00,2.240472295525381519e+00,-2.056711783385254955e-01,2.424696088459550314e+00,-9.086739495537349276e-02,5.802465440290116572e-01,7.325029897601067486e-01,-5.306680995512327303e-01,-1.665860410135370451e+00,1.698426960648736550e+00,8.607069380748306742e-01,-9.128073510106182731e-02,-1.711496224005209177e+00,1.671044842688071963e+00,8.903488931089317271e-01,4.733462874751303007e-01,-4.737850756701586508e-01,1.604858080059646808e+00,-6.542076395513826137e-01,-1.047101481538701195e+00,1.184445447253863470e+00,-1.356692042146480981e+00,1.763507713466134774e+00,5.625175333670838773e-01,1.212369157124709940e+00,-3.576713820642161146e-01,-8.380154894298705859e-01,-7.723338693451484160e-02,5.694776650828613507e-01,-4.685780438450298790e-01,9.569814665658452624e-01,1.200948050893843488e+00,-1.889173345761260503e+00,1.273398137078390224e+00,4.583534046573855214e+00,1.052556065563147403e+00,8.480006595481485165e-01,-1.084655567527797126e+00,-2.540139759465592562e+00,3.485700422525798148e-01,2.412331677153173981e+00,-2.748157818401987251e-01,-2.733334534526582704e+00,-3.463942235088807831e+00,3.279843521704838061e+00,-1.094267126671900847e+00,-1.700685432274959163e+00,-5.911812966813497772e-01,1.052944052002253494e+00,2.653988001382523998e-01,-8.383943650142672288e-01,1.578510848977029202e+00,1.839056710817021933e-04,2.597778138854351937e+00,1.272468648079940312e+00,-1.454677510828086495e+00,1.614402631579113345e+00,-8.452188848251214193e-01,5.647966527105344747e-01,-3.395502874294589191e-01,8.949961676895263896e-01,-7.754400125283904543e-01,6.225815514447666787e-01,4.868547398239514434e-01,2.475230699878165019e+00,2.458167644000085694e+00,1.135337807588646442e+00,4.803544292132295168e-01,-7.157752084477257970e-01,7.569217388674813751e-01,-9.574459551755147846e-01,3.697797034780557102e+00,2.333029683963761869e+00,2.222947166733237001e+00,-1.463624847351511882e+00,-2.964276703032066695e+00,-3.733384753995699357e-01,1.262929906634858268e+00,-1.508559873484464076e+00,2.963319069653183035e+00,1.514458805439270028e+00,2.833198487159137580e-01,-1.937432844711729274e+00,1.071038173689343065e+00,-1.895620665249168502e+00,-1.991538005689571289e+00,-2.565774206092092946e-01,-5.359661529846481143e-01,-2.252511201597671597e+00,3.318384067473764354e+00,-1.045956250591083270e-01,1.516593286948438868e-01,2.680257811963358883e+00,-1.633255257425358709e+00,-2.745954715442449956e+00,1.344604315427231578e+00,1.759005710675278333e+00,-1.161877973124686436e+00,-5.573292670126751558e-01,2.728736427732907366e+00,3.064281874931391592e+00,-1.247755776223867574e+00,-2.370722433332224099e-01,2.290380024399077730e+00,3.295434466551819264e-01,3.545962056100738780e-01,-2.406483907278058609e+00,-4.055569902312292085e-01,-3.017919074300839943e-01,-2.061871902818173397e-01,-8.935630379654645461e-01,1.086547223280496244e+00,1.434810635389828004e+00,-1.837933773912406865e+00,3.469842173164705001e-01,1.350448166334212940e+00,-4.907768307363275517e-01,-2.976777266315114634e+00,6.221335161796992530e-01,5.509078734652611553e-02,2.633638961597546402e-01,1.873790432563130937e+00,-2.140118724820977980e-01,9.399584994218905809e-01,-9.613410268107953627e-01,1.104213263798308420e+00,-6.527949317893436687e-01,5.467561107970134171e-02,-1.797738068976480197e-02,2.556779835044898919e-01,3.070494542753282818e+00,1.611406480515140682e-01,-1.917797273812282377e+00,-8.989684583822370456e-01,-1.546468754416699287e+00,-1.162424502366996126e+00,6.635416556404326593e-01,-1.115192634995014975e+00,6.424115208786408404e-01,-3.598536583011012202e-01,-2.087315757648923853e+00,1.243105748442216163e-01,-5.231611561564151192e-01,3.999364816996997973e+00,-6.795773150303532351e-01,1.577728003058745720e+00,1.861326968923102454e+00,-2.062610918162180340e+00,3.594533184303214224e+00,-9.813750061688475412e-01,1.815708482424911896e+00,-2.190861434826963716e+00,6.717584385843938799e-02,2.518622495813878537e+00,4.520883492734357190e-01,1.861700881948491482e-01,1.691786404052922688e+00,8.584599694649844848e-01,2.478335033022607270e-01,7.499509248339772394e-02,-7.142070120785376508e-01,4.542569095606491802e-01,2.830759200154758570e+00,-1.014007310404763107e-02,2.268577418107092569e+00,1.207569903472460071e+00,1.300693631640382208e-01,1.492056136952558121e-01,3.089986852189252176e+00,1.991302999294020770e+00,-3.303373850695714431e-01,-3.716612391230376122e-01,5.172468563331374947e-01,-5.322744545895674584e-02,-1.245046801113532053e+00,-3.063511822965029108e+00,9.577975764532056235e-01,5.453695696991688324e-01,1.480448429712291292e+00,-8.519265875778123664e-01,1.117010479709801496e+00,1.362020032538859393e+00,-1.908785345388053223e+00,5.059737982595279071e+00,1.988437384526590357e+00,5.995456942708781298e+02
8.625808521671018969e-01,3.733001471255694703e-01,3.333434418023279999e-01,-2.709204638419967726e+00,8.481878106522677818e-01,-4.971930774587068336e-01,-1.664476420721123562e+00,-4.237111749967755747e-01,8.381873383263531707e-01,-8.466358465521723886e-01,-1.183585199480179595e+00,1.783470621568762349e+00,1.868334445071094141e+00,-2.955208378426778942e-02,7.216624820552218489e-02,-1.570029292694649303e+00,-1.179293707207574204e+00,1.552535234314297075e+00,-9.037102323545508353e-01,-1.785834226620066634e+00,2.702223009025295219e+00,1.017192131323112037e+00,2.397783524189858462e-01,-1.849090508682875500e+00,-1.406855690484920318e+00,5.450539873695741111e-01,2.125912616180346326e+00,-6.562100724435061538e-01,1.747745379573935720e+00,-2.123928304052109528e+00,-2.029060299714325222e+00,3.515087578796524670e-01,-1.128989345735321503e+00,4.774269186690213163e-01,7.915383798530833959e-01,1.566688725109207647e+00,9.750340614948413975e-01,-9.791522155028209440e-01,-6.494303857017220682e-01,1.063611511601038284e+00,-1.406685151834049741e+00,1.846112684760484512e+00,5.999893430603426836e-01,-1.609197412712727981e+00,1.211740746930386914e+00,4.809077256072722406e+00,8.249889506126956151e-01,5.284859621865789503e-01,-1.303455105532716152e+00,-1.565601389227393003e+00,1.776107174253371390e+00,1.208688705764771942e+00,-3.974843982257122432e-01,-3.152950963552897612e+00,-3.268990363821466794e+00,4.882732829427816945e+00,1.238204205493645516e+00,-2.263263857777684240e+00,-2.092049217987287157e+00,1.118281788456390924e+00,-2.028759894802725089e-02,-3.653042970199289474e-01,1.115502708591867398e+00,2.853040641887341078e-01,2.752800808226093743e+00,1.263914631019137369e+00,-8.619349153737571045e-01,2.479557902655063373e+00,-8.503491920637439305e-01,1.323240892166364646e-01,6.966521682481916500e-01,1.021425153323308521e+00,-1.191970192214095059e+00,1.538193757431104841e-02,-7.597138999400726567e-02,2.861519801806337027e-01,3.749343164517335847e-01,-1.204145491068578239e-01,2.770697967736439060e-01,-1.053856669850137262e+00,4.439104049100200400e-01,-1.088772958244145883e+00,4.244972245243976872e+00,1.606655285477350148e+00,3.161552983219729995e+00,3.241104114487559640e-01,-2.739867801484532350e+00,-4.195129059959152862e-01,7.762484653930781242e-01,-1.357307008481582367e+00,2.644709246922245516e+00,1.835261143869432621e+00,4.609047124269720630e-01,-1.981318838982552455e+00,8.739609294940280382e-01,-4.309682756797768910e+00,-2.037311403563699663e+00,-1.053753456988939075e+00,6.083540312410740114e-01,-1.546409349217782170e+00,3.155319137209509073e+00,2.605912234269093797e-01,-2.484593942572950187e-01,2.349310081142386597e+00,-1.129547018546520398e+00,-1.449818600803902680e+00,-4.991937709092079123e-01,1.481142174514773036e+00,-2.255345888124295151e+00,-7.733652495561139650e-01,1.372683721958637193e+00,4.355014779481000353e+00,-1.379853690527600651e+00,-1.117565505284658034e+00,9.317433038846255622e-01,1.589250165572292095e-01,5.257665234280715916e-02,-2.640869277700351070e+00,-7.913536217324018684e-01,-7.468832662915656506e-01,1.365427198895040051e-01,-1.202216898539907985e+00,1.240023499200892498e+00,1.358423746383751407e+00,-2.379101572297889433e+00,-2.705854886336275911e+00,2.144612967637480772e+00,2.720919748726232101e-01,-2.677526279879775206e+00,-1.114470006090158005e+00,-1.616958417304381612e-02,5.535059814041245474e-01,3.279250126494208661e+00,-6.645274284409231624e-01,1.608465637530678283e+00,-1.351930310347290831e+00,9.790296379130322135e-01,-1.447763723357749777e-01,8.789906800775503237e-01,1.583880942154110294e-01,-3.267852592307698978e-01,2.124896012014934055e+00,-4.297467476256462970e-01,-2.701958711558003934e+00,-7.267338106018420563e-01,-1.261596492361256594e+00,-1.978409205025988271e+00,6.694291198377019247e-01,-7.992965900308018901e-01,1.123454871665982457e+00,-1.446474742646125522e-01,-2.667424986627630279e+00,-3.218654755775601228e-01,-1.058152296636251988e+00,8.046116588340015419e-01,-9.583178614219944880e-01,1.010596106512330117e+00,1.796565102829401628e+00,-1.692712253777500564e+00,6.487849754977158545e-01,-1.170578886743829372e-01,1.057681804516851454e+00,-3.037420926867844262e+00,-1.743848532052993949e-01,2.682279790632718708e+00,8.146014296417920519e-01,5.976676292080781439e-01,1.343344935350651914e+00,-6.206012480216195337e-01,1.719294877680673572e+00,-6.450769225962538211e-01,-9.794743271791959138e-01,5.764059443677198580e-01,2.973111901422286873e+00,4.058865554626548966e-01,1.918389236470271486e+00,7.483248050588553468e-01,6.860652767760500037e-01,4.470487245219076922e-01,-3.038438520619808347e-01,2.322572291411238998e-01,3.064994237470532457e-01,2.679948366640353408e-01,4.429745491966880500e-01,-6.782979488682486791e-01,-2.135198470911799706e+00,-3.061026563888844088e+00,-8.114708688531889758e-01,-1.771170186588238105e+00,8.634192593578710051e-01,-6.736430344806292325e-01,1.313666523111608919e+00,6.786345118878125415e-01,-1.548025877933932648e+00,4.982551093698335265e+00,2.874173686099472214e+00,5.996300257608230595e+02
3.617105922881364011e-02,4.484551270281265656e-01,8.709498866803654371e-01,-2.323785204559394302e+00,1.168804674758406215e+00,-9.252255400767205318e-01,-1.715740030918407211e+00,5.271027516539515956e-01,1.959805993323200157e+00,-1.999491674716230127e+00,-5.750953101455386074e-02,9.182326695375446768e-01,2.330153272635232753e+00,-9.040075022043088382e-02,6.535097170910495468e-01,5.227434266699371168e-01,8.657332873229826031e-01,1.222271075530178663e+00,-1.080233429575965465e+00,-2.360249873990832192e+00,1.947225407271327535e+00,3.653375624414881839e-01,1.098499758815866478e+00,-1.104317353785196909e+00,1.947801737249976295e+00,1.242401296301155700e+00,2.619694675151000407e+00,6.964881892564027399e-02,2.838532959660092114e+00,-1.720100490304959706e+00,-1.024212074959338192e+00,2.038694857850094633e-01,-1.496844240404375581e+00,8.477629596601171658e-02,9.817883501830633186e-01,2.158757643724549702e+00,3.701495090137807975e-01,-1.250522459001851550e+00,2.701402150120813528e-01,9.159354863929203283e-01,-1.585487950486848208e+00,1.688755189290341407e+00,1.149690877292782742e+00,-1.892791796275682392e+00,1.113289159944840456e+00,3.720206713057113923e+00,5.899259205741339551e-01,-2.683093757452587047e-01,-9.479433822651912589e-01,-2.118076475855429130e+00,1.533563514897789526e+00,2.115904799299053174e+00,-2.261188612139800380e+00,-3.092747098889446544e+00,-3.358303190217865719e+00,4.386383001334944076e+00,1.978511482030513580e-02,-4.871568856377666012e-01,-3.193202471370474860e-01,-3.772000541775171190e-01,-1.399988453259962906e+00,-5.520623948963623295e-01,1.629926883945798655e-01,2.020685964985152738e-02,2.030534859860362751e+00,1.131107798955646171e+00,-7.109169120998517499e-01,2.037684546288398124e+00,1.178396402056590464e+00,1.513536932215269637e+00,-2.368978386542621717e+00,1.908880780612300043e+00,-1.556332853921403192e+00,2.835144484514041108e-01,3.364826824685115958e-01,5.779656782291842099e-01,-4.653989066205409530e-01,8.983835312384351734e-01,5.063404948095666658e-01,-8.858606888795027556e-01,1.123357473416960239e+00,-1.089325758992678139e+00,3.708363808107125514e+00,2.057203779468701477e+00,1.899458894755798655e+00,-1.711544123465112310e+00,-1.114770612563057428e+00,-8.466210955687698547e-01,1.573946655362679303e+00,6.705868592792333382e-01,2.924659180575425843e+00,1.684179352646277161e+00,5.760175408859968815e-02,-1.705575955015034895e+00,-1.962293230017562617e+00,-1.558410069041301416e+00,-1.580104232145489895e+00,-3.766691543551804466e-01,-2.073956981787648535e-01,-1.684903939834522690e+00,3.006069428185479619e+00,2.032415554696588522e+00,3.962310179346677230e-02,2.646597004770464778e+00,-9.089940064987144241e-01,-2.681174810442812806e+00,1.674398962732985163e+00,-1.501608202426085170e-01,-2.248160166034146368e+00,-6.831595935472313252e-01,1.850267992812712814e+00,2.527801152365992898e+00,-1.283951168309790170e+00,-7.980955752840287465e-01,5.284017557980845714e-01,1.297300553689932023e+00,5.221969042718529463e-01,-7.217092429848656621e-02,2.612903012367527644e+00,-1.067493928400460534e+00,5.645450473175589630e-03,-5.873866831698222324e-01,2.525722496300209841e+00,1.735804257186258859e+00,-3.529146518900946550e+00,-2.086352895250387363e+00,1.890781249157242661e+00,9.045910583905336644e-01,-2.744978729874384182e+00,-9.297033092866191506e-02,5.046191033179796559e-01,6.408217268471945172e-01,3.161236532131754373e+00,-1.269444650807712849e+00,8.329901265598023130e-01,-1.415549899516788335e+00,1.565200359721025336e+00,1.308425724584176553e-02,5.313773949759477144e-01,-5.871706604767920057e-01,-1.437974591682211756e-01,2.911845378593427291e+00,3.460455808980409387e-01,-1.525611155373593153e+00,8.271756298594584722e-01,-1.158504315630385362e+00,-1.359540093797057203e+00,-3.969154941485109611e-01,-3.553281214742828875e-01,9.898764835337325874e-01,-2.333232408858748608e-02,-1.247305636103302140e+00,2.089666916519606898e-01,-8.251642938769814251e-01,9.899435275733493578e-01,3.053428769606210402e-02,1.635227529538085811e+00,1.627049706299608989e+00,-1.951342617031803117e+00,3.296473036903092346e+00,7.281248422546966470e-01,1.826019574770819442e+00,-2.368296489083061562e+00,2.279161954351288377e-01,2.215717341678636654e+00,4.327001902290245061e-01,-2.844099658529196661e-01,1.758442890780195000e+00,5.439535679248997946e-01,1.391953858200709826e+00,1.069877454405977257e+00,-1.033871348373307741e+00,-8.562428041276609614e-01,3.687498358201904303e+00,5.271599131762763069e-01,2.397161235649576838e+00,4.171451287775642114e-01,1.266075466481543677e+00,1.106532677408320481e-01,2.981253756741370609e+00,1.495050074424224107e+00,-3.588036295835708711e-01,5.711740802231725089e-01,5.142244298814484527e-01,-1.055303126836515393e+00,-8.556785131345561179e-01,-3.179865159301459965e+00,4.804051027050750267e-01,3.740217194185733729e-01,1.218179187023343379e+00,-1.082111571475569356e+00,1.440076944285166860e+00,1.000511289060362463e+00,-1.297014996414812771e+00,5.527024843167906099e+00,2.438485148787402856e+00,5.997009998142929135e+02
2.775838757757382869e-01,3.563314055111740375e-01,2.257838027089514865e-01,-3.003238487514459987e+00,8.251318889897658604e-01,-6.916550089739499363e-01,-2.159120740462951105e+00,-1.461634858643574841e-01,7.444845018710283258e-01,-2.100552028374227831e+00,-9.490235152797844576e-01,1.649820628173263914e+00,2.571488874025419591e+00,3.198880017951653554e-01,-3.796473717450228602e-02,-1.233233483453222146e+00,8.300854929957194317e-01,7.777015430433241727e-01,-3.513284769352756909e-01,-1.519312130174367503e+00,1.881196847552278895e+00,1.303541808943403879e+00,5.957830020450336495e-01,-1.776714730680970744e+00,6.510193029304762735e-01,1.104489095554036293e+00,3.856300633643327536e-01,-6.506565677794462488e-01,1.751145843522030399e+00,-2.292759003353744607e+00,-1.278000561190165918e+00,2.785515874499746580e-01,-1.155254223373214373e+00,5.858260975538229776e-01,5.682529456088092346e-01,2.037915269321626255e+00,1.100155315876267359e+00,-8.727133192285951857e-01,-5.876934069163427532e-01,6.474306546390392603e-01,-2.190361165455581904e+00,1.687328702826279780e+00,1.212612886855791938e+00,-2.101836629958429903e+00,1.219266272756091229e+00,4.848993687939209707e+00,1.147277425228362402e+00,1.439611456249676014e+00,-1.480716847993047924e+00,-1.695478918664584222e+00,1.184089444362482313e+00,1.139180189204407556e+00,-1.053637432952241770e+00,-3.890002050850299042e+00,-3.225220506507598728e+00,3.262611856271653732e+00,1.098694174498804355e+00,4.074828337953891322e-01,-4.693922479890712540e-01,1.017442426007810319e+00,3.682476807405228314e-01,-1.110066042830614857e-01,1.155470306204708031e+00,-1.373511582888795046e-02,1.666882952690706965e+00,9.790906442435562962e-01,2.045409287083586880e-01,2.607462295353241810e+00,1.068747449844710040e+00,1.131338921159835476e+00,4.717188296463895592e-01,7.182718632433378048e-01,-5.651999032713439508e-01,5.424238881430980541e-01,6.440026636999889031e-02,2.571900307383076179e+00,4.274613457346707612e-01,4.445208583053623097e-01,8.282160502655603329e-01,-1.178011373735101674e+00,-3.194447824804478864e-01,-1.112444041825211505e+00,4.176307872010273314e+00,1.767545582189653297e+00,3.197166824910827376e+00,3.591360590613039694e-01,-3.355523251885217828e+00,-1.119935072551672794e+00,1.163033263146225460e+00,-1.052127636335117300e+00,2.904826366332902143e+00,1.707880064259307273e+00,-8.702299179499821402e-02,-2.800822156128629725e+00,1.349868998496282835e+00,-1.849678048840376787e+00,4.226609333121320589e-01,-1.372559593629168129e+00,1.136676424597944157e+00,-1.878058476513270181e+00,3.278210647200744177e+00,2.200299144349841640e+00,1.373445297831507872e-01,3.044776912600267060e+00,-1.661070599660203539e+00,-3.008269511215281522e+00,1.310815378394141639e+00,1.307733083452030431e+00,-1.990671192537086576e+00,-1.001784088494682923e+00,2.275767302329806618e+00,2.086366030971590568e+00,-1.062994430962096892e+00,-1.049209719498582771e-01,4.799530011560643183e-01,1.807662079113009357e-01,1.630142963561861169e+00,9.809587782866612260e-01,-7.613744321709436935e-01,1.225442931288278081e-01,2.055830707558927439e-01,-1.267223398889363528e+00,1.011532966494546049e+00,1.204026402685506536e+00,-1.974782687765374023e+00,2.024453286923310613e-01,5.638701721149468327e-01,-5.418202651780935630e-01,-2.572648571606384493e+00,-2.543432342348919128e-01,3.026608630534288191e-01,2.817909251643925250e-01,3.231824678137749540e+00,-5.838805411572842718e-01,-1.461681244904781574e+00,-1.390609104899478421e+00,8.861756679402239545e-01,-2.400934727661006851e-01,2.528695274141914417e-01,1.574434652126227296e-01,2.590107323569901254e-01,3.142628023676378834e+00,-9.725738765657472584e-02,-2.246032461439623873e+00,-9.569633848885088501e-01,-1.387771556412524143e+00,-2.058715123304997174e+00,-3.372500873520015152e-01,-1.183094309767314334e+00,7.408846535088073892e-01,-1.198135602682696699e-01,-2.618374328011750851e+00,1.589025905399889249e-02,-1.363961768327029533e+00,1.580551731064339993e+00,-3.492624159109709026e-01,1.575411916951706459e+00,1.807382249155717879e+00,-1.933515727252371752e+00,3.530008980560576326e+00,-1.613554760443718927e-01,1.933965300210207072e+00,-2.350562390705727367e+00,-2.313567371388217386e-01,1.747692871937350123e+00,-3.745152812150951416e-01,7.944295871519311270e-01,1.487106650665568575e+00,1.360226358803819646e-01,1.111157681528628649e-01,1.881140277818598161e-01,-1.016227960328756286e+00,3.865267775148952811e-01,2.943663814319726679e+00,-1.550894986475799819e-01,2.214737419889432957e+00,7.714280992270184933e-01,3.766123280285236241e-01,1.304753405284354795e+00,-9.620097013469980363e-02,1.623496333918303280e+00,-9.824088302381445148e-02,2.807278419287075888e-01,1.710158027776886858e+00,-7.282716748284484565e-02,-2.028541023710974223e+00,-3.013253293941583255e+00,-8.249234275107046876e-01,-1.908583192590097788e+00,6.591971933330755817e-01,-7.405402600340273978e-01,6.983929299368639709e-01,1.375918739544191860e+00,-1.742260943493438630e+00,4.879768044794380089e+00,2.625229238952681676e+00,6.001717880166662553e+02
-4.880175252129210217e-01,3.981752479949656753e-01,6.904421999988201719e-01,-2.599881243407277776e+00,6.627861555813101546e-01,-4.043844808419894687e-01,-1.944050647252313802e+00,1.080957656985324311e+00,1.111167410561607394e+00,-2.034760843211684378e+00,-3.233807575146513957e-01,1.168317559008592577e+00,3.153284039039648157e+00,-4.844681874051924575e-02,4.492773888609440380e-01,4.630284875833148850e-01,9.609360266430048148e-01,1.676722329977643700e+00,-8.937273808618653170e-01,-1.683204413417950462e+00,2.001415327309065795e+00,1.815088616230781104e+00,4.781204271447927479e-01,-2.026047484402609289e+00,5.748876538771771072e-01,9.592773086073648203e-01,-1.352797069303268152e-01,-7.085760724955720846e-01,1.043794828342904824e+00,-1.764640901549160201e+00,-9.690239146309955753e-01,1.569214047118360433e+00,-1.644734786096677448e+00,7.101230906752336036e-01,4.821950831444203334e-01,2.351157220359213262e+00,-2.945400801231611299e-01,-9.443398874400852350e-01,4.540147105369875535e-01,2.722422390218463661e+00,-1.567679302131092411e+00,1.433555646071436485e+00,1.360597474258778750e+00,-2.303585939339958255e+00,3.591402454825351476e-01,4.733051388599410991e+00,5.501924997627100078e-01,5.261992564571098541e-01,-4.089369506054697512e-01,-2.036540349241794168e+00,9.902244122910762725e-01,1.710205996631231296e+00,5.448231791126009749e-02,-3.055635762971747216e+00,-2.471736619927774381e+00,3.622384952738298303e+00,-1.088285345564005357e+00,-1.126886000197099058e+00,-5.975202094121088159e-01,1.731270564677638513e+00,-2.744872349787054744e-01,-1.054919106983140287e+00,-1.406434488062942023e-01,2.610464925194378449e-01,1.913833307380928828e+00,1.094394697691012608e+00,7.528587257875507532e-01,2.034735493977918530e+00,-3.343699158907226798e-01,9.818482344447916343e-01,1.010946149934934590e+00,2.432447839810503165e-01,-1.461175556800896169e+00,6.939488715992789825e-01,3.609462509772629057e-01,2.277198000364120567e+00,2.343783570950476847e+00,2.013698739549562577e-01,7.449361512972134669e-01,-8.091857841015487329e-01,1.689513381859569507e-01,-6.671561730216728492e-01,3.319438582205653798e+00,9.558780178920056603e-01,2.137374427459785675e+00,-6.794877179475456996e-01,-2.748841574506315499e+00,-2.332490027784808184e-01,8.857564168586590236e-01,-1.520178177704068379e+00,2.610071442727762037e+00,1.789677265962395403e+00,3.400770069312457067e-01,-2.054013263360556785e+00,1.200987557576381537e+00,-4.254257802130688049e+00,-2.015942734126722424e+00,-5.071020713040917949e-01,-1.564158478245669670e-01,-2.352030078392130186e+00,1.688042653518870617e+00,2.195727409701960120e+00,2.303971685590872620e-01,2.801283634724182292e+00,-1.705721944054988892e+00,-1.449852617031122559e+00,1.777810817938895394e+00,9.349889130899420586e-02,-2.533095192406821905e+00,-1.587595097109225639e+00,1.484220714699358901e+00,4.178207614420223592e+00,-1.094725116748519467e+00,-1.524597976489395323e+00,1.112697453517047075e+00,5.284133553660873561e-01,1.628340318671931852e+00,-6.838397725806621974e-01,1.707933566961738592e+00,-9.991282518230626408e-01,-4.044524095793238794e-01,-4.986084080903859239e-01,4.275359974947493313e+00,1.002736647959028948e+00,-1.646010149582245230e+00,-1.813770724681389446e+00,1.713568456341318935e+00,-1.668407565872981613e-01,-3.484339647052192568e+00,6.998317790574815067e-01,-5.613572094327278217e-01,1.570502779990336162e+00,2.190232109505631630e+00,5.909852387137142227e-01,-1.677855361269573242e+00,-1.204222060614353440e+00,1.175984362909754166e+00,1.911834537558011471e-01,5.860735109947231569e-01,-2.534004182940819416e-01,-1.131102393234409975e+00,3.179477706770618362e+00,3.892189092719099963e-01,-1.977083427720000008e+00,9.554313675040877474e-01,-1.745056178585300266e+00,-1.706915256894617539e+00,7.456480813160500931e-01,-2.316826021502903510e-01,1.020271183824494443e+00,-1.986552285240927029e-01,-2.369070013239178873e+00,3.305834688434390878e-01,-6.470725391091125545e-01,1.200783004240604246e+00,-4.675242361115887757e-01,1.217919699548191348e+00,1.607118490253383492e+00,-1.829598275269770591e+00,3.465591308286173344e+00,3.840638817920652426e-01,2.031636669366559733e+00,-2.251781190941231525e+00,-1.485464482192090374e-01,2.369477055936172860e+00,-3.985014863661037188e-01,-3.196584933984019106e-01,1.623413612480725465e+00,7.461582274861745523e-01,1.830394267006906439e+00,-8.950208146243160412e-01,-8.653702533269824748e-01,-1.374677858648672424e-01,3.513000431022660575e+00,1.679602116081136964e-01,2.260972841720509940e+00,1.062054076624681986e+00,9.952679756620601559e-01,1.344953027913226240e+00,2.419708848444027116e-02,-4.282720771754213729e-01,4.499325405792743426e-01,6.713495841811192300e-01,4.467663589668256496e-01,5.469334096923056387e-02,-1.237471237561418524e+00,-2.657151463838558492e+00,8.609047040829163056e-01,6.856450829492050092e-01,1.056534493872054448e+00,-1.205708698668583212e+00,6.129897276378497573e-01,1.053138632571843036e+00,-1.466114775884138854e+00,4.564613889920208223e+00,2.071711076826333819e+00,6.002369863285791780e+02
-2.941378555249780230e-02,4.818297776127571930e-01,2.566981344218655092e-01,-2.840807302873686435e+00,8.692139874999692539e-01,-5.604574608859810292e-01,-2.107277596045793455e+00,3.301508638796923356e-01,2.036888425378675649e+00,-1.885541627396457809e+00,-1.984182674941589453e-01,9.143846786205278576e-01,2.307061519907243508e+00,-2.113612909293383080e-01,5.600619710842221766e-01,2.954424006907964140e-01,9.767775984816451373e-01,1.273074741827000977e+00,-1.511942508859136058e+00,-1.503975463563949511e+00,2.262871526354780727e+00,4.594730619338401323e-01,2.093012715737563589e-01,-1.620549331180704877e+00,-1.688876983692330969e+00,1.189452554369772486e+00,2.704161312256974981e+00,-1.972084344243597576e-01,1.568764527617753535e+00,-9.148856252105301845e-01,-7.528158843744026107e-01,5.867061116597381831e-01,-1.083303596194196805e+00,1.075862367712784762e+00,5.399470475795161706e-01,1.091109814604912520e+00,1.068013467444366205e+00,-1.420984115064203079e+00,-1.086157329572381425e-01,4.584347931717918656e-01,-1.727448943208128807e+00,1.640791293084745250e+00,1.289917977758668233e+00,-1.980873518111778697e+00,1.474560220289735879e+00,4.622789558162894608e+00,1.172103202612643003e+00,8.690923386685348584e-01,-7.580803954427848268e-01,-1.841430096628267732e+00,1.358499005081420741e+00,2.215525106852788362e+00,-2.253062203984890655e+00,-3.736481416691134427e+00,-2.677168813847929041e+00,4.495281853645329839e+00,9.949159889471034246e-01,-7.365078144751829869e-01,-7.656104344287308905e-01,9.580361809706545717e-01,-5.498443699771090598e-01,-4.974144997633302978e-01,7.277430630561441127e-01,2.150777558460283678e-01,1.780394900341567110e+00,8.095900509608049411e-01,3.073086018031376265e-02,1.889232140748769551e+00,1.221849407777411578e+00,1.071262785027304876e+00,8.701726039411391556e-01,2.284791147918533216e+00,-1.223728039399254008e+00,3.883359492453638540e-01,3.390372486167316790e-01,2.711181652048457180e-01,-5.255996938118134842e-01,8.294020675154323285e-01,5.780387007146396972e-01,-7.457324155550832945e-01,-2.702817137877879805e-01,-9.727955017071484578e-01,4.117645341306316098e+00,2.108660674640235655e+00,2.715331990328701206e+00,-1.920788248364977413e+00,-1.019999140210630983e+00,-8.242185933016069610e-01,1.203252381350236044e+00,-1.369419149071896324e+00,1.249611701336610814e+00,1.833707244473195663e+00,1.794189942974441232e-01,-2.852839460362840640e+00,-1.784492529178225872e+00,-1.522793020685117682e+00,-1.264975004398793290e+00,-5.306467398785026379e-01,1.423479143096504584e+00,-2.922850305706417462e+00,1.537610410881986134e+00,2.122826886189890683e+00,4.193539040631061310e-01,2.901193645606277460e+00,-1.551644329857882587e+00,-2.661127717013578753e+00,1.471961786121326332e+00,1.273667915061722500e+00,-1.661273551986061303e+00,-1.376644355326172908e+00,2.556287336237815566e+00,2.736306882532778761e+00,-1.336533238589478367e+00,-1.994961313002638348e-02,5.464032054155008034e-01,-7.762812987908783435e-02,4.589334135718395880e-01,8.789187032524314880e-01,1.357509152827856891e+00,-2.218127427156248999e-01,-5.200207996801847754e-01,-5.814808262399829841e-01,3.987861380271499723e+00,1.512793643775326213e+00,-2.361845785925679841e+00,-3.858705331608865835e-02,6.790076260550377274e-01,-4.356028676856078530e-01,-2.934591496135273925e+00,-4.865196219608577399e-01,9.279948150949204888e-02,6.395821758428903436e-01,1.995148787192823292e+00,-1.023545827635599231e-01,-1.334242039855280559e+00,-1.116357334950277003e-02,1.792558932309066044e+00,-7.603108757595655742e-01,1.331342164635594405e-01,-4.061254326764945355e-01,4.422584704594154092e-02,2.877253902274151898e+00,2.777533771979119326e-01,-1.505689182018831840e+00,-6.856703251940403643e-01,-1.243533766588620137e+00,-1.637510000371926289e+00,2.651380789779006486e-02,-1.320777840314976137e+00,6.678848498148390878e-01,-2.284622576320164966e-01,-2.017249089076589730e+00,7.446877553390357507e-02,-6.160834007721904815e-01,3.599577331031754923e+00,-1.179732346897740092e+00,1.695809549087202717e+00,1.129139960677160381e+00,-2.026511880834374502e+00,3.561021506763054845e+00,-5.746606011203340136e-01,2.010692076947505402e+00,-2.243681286974138267e+00,8.677443353032440743e-02,2.268490837941474769e+00,6.803125055743026728e-01,-2.993820216470999274e-01,1.663824098698719611e+00,6.285573703243897692e-02,1.947010123475848786e+00,1.073328147508928465e+00,-8.568877466322745162e-01,-1.188813170522824425e-01,3.685464319137712330e+00,3.003473714404262251e-01,2.391190165022886838e+00,3.467313613483533619e-01,1.210494415860088990e+00,1.196635388496567476e+00,3.003748281272140996e+00,1.754925278812421441e+00,-7.052404016322311175e-01,8.945679453389926428e-02,3.069405617222024096e-01,5.268406262760282066e-03,-7.745957525084669060e-01,-3.148336553292398587e+00,-4.366810197533682047e-01,-1.832242219264292871e+00,1.200235139162848741e+00,-6.368498866778996570e-01,1.466360988961573408e+00,1.138253899094708199e+00,-1.435616282671223987e+00,5.678363844541086891e+00,2.158124092102698288e+00,6.003600821262854197e+02
3.781676828818153480e-02,4.033395350793725909e-01,1.302331084761429447e-01,-2.716076738845841110e+00,1.156778783612393724e+00,-9.558710854022017811e-01,-1.790665809563066979e+00,-2.482538015125277664e-01,1.212417394259981407e+00,-5.429635366700111820e-01,-4.045629431552535404e-01,1.353940421037838293e+00,2.048226536793884112e+00,3.613169245244275685e-03,2.425980016700369224e-01,6.976459571522612979e-01,6.475556957748140885e-01,8.795810446179277431e-01,-7.615637802160873937e-01,-1.576406090026358342e+00,2.196528821428028522e+00,9.145372202791293148e-01,9.279279236615791682e-01,-1.719931376149436808e+00,-1.286380650560868588e+00,7.117191066045642778e-01,2.638608969790572356e+00,-5.564194615580625447e-01,1.902258200121789145e+00,-9.583095174846444353e-01,-2.463699430450619232e+00,3.865966292228414924e-02,-1.121679703765888103e+00,1.881031769584316615e+00,1.143585253563857318e+00,2.135076141438167596e+00,-3.839555691882685640e-01,-1.070551603299720878e+00,-3.337531609139638977e-01,1.389600906906500954e+00,-3.706117055409041683e-01,9.898933195021411002e-01,-4.352778008785984643e-01,-1.977229673054019754e+00,9.969469043974782396e-01,4.514554751123196041e+00,1.139318827552743940e+00,9.584200946328167436e-01,-1.632334855004398788e+00,-2.238313092809583793e+00,2.706614361961506843e-01,1.678332524502014866e+00,-3.907159759449580494e-01,-3.519138333143311925e+00,-3.057917493170375423e+00,4.509220314285430575e+00,-1.087485030587655332e+00,-2.385203885235662735e+00,-8.105587721154121628e-01,2.341883588945446792e+00,-5.466336583542109606e-01,-8.807522197325993174e-01,1.499664265765177751e+00,-1.009174257402803088e+00,1.242647460044895569e+00,1.587345543746597754e+00,5.632362620552189281e-01,1.566488934029967917e+00,-8.031323224335185085e-01,7.662789202180433357e-01,9.404514596506218238e-01,1.315140942800607782e+00,-7.980553055997381406e-01,7.079097133611639281e-01,3.536328362620094062e-02,2.398352489069858429e+00,5.260976365833314183e-01,9.108559164044159884e-01,6.679277028906291380e-03,-7.598359600733168850e-01,-9.468089630939001411e-02,-1.030927090374930577e+00,3.742501983613418570e+00,2.679147872564097366e+00,1.946761020231108752e+00,8.163601036767912378e-01,-1.182030932032244186e+00,-1.140680736189375044e-01,1.789777947956594950e+00,3.543221209691094220e-01,3.048337284982937767e+00,1.576146676976797112e+00,6.601985608293412522e-01,-2.025291912238607051e+00,1.137427141405577213e+00,-4.119564644504314366e+00,-2.014443276675731198e+00,-3.486783631857648391e-01,-4.782904649769285088e-01,-2.268497745216646155e+00,7.096397523419190057e-01,3.704502510398861581e-01,1.001684819175928665e-01,2.808730435514647183e+00,-1.229280479023067807e+00,-2.479524261524737039e+00,2.031107853138341968e-03,1.118922710200459081e+00,-3.126703547955388185e+00,-9.403695036657553352e-01,2.133164617109924777e+00,2.063161398277678860e+00,-6.833767910025140280e-01,-1.197715701781640218e+00,5.360862815115449154e-01,2.635696125766590625e-01,1.343849142801526231e+00,-2.784619263860937277e+00,1.966609493460326208e+00,-1.887465759901042206e-01,-6.089525752476756537e-01,-5.757754459095908439e-01,1.017426249045626507e+00,1.015983100060227740e+00,-1.728699227795226667e+00,1.328475454070370820e-01,1.267204459959351048e+00,-1.824440789059099122e-01,-3.377352061611163858e+00,-6.558879573669558205e-01,4.773407124760131182e-01,1.578357859882000946e+00,1.866542267914865771e+00,4.002758234347429944e-01,8.469299077634796502e-01,-1.524881457678558538e-01,9.702588790334449875e-01,-7.214217668139575323e-01,-8.847961155013280843e-01,1.698092876211432789e-01,2.420570083184241106e-01,2.329314834575930693e+00,2.712207694170416794e-03,-3.301621398642109462e+00,-8.182736916802156868e-01,-1.086308684352227161e+00,-1.857594333575426360e+00,6.213169889610672403e-01,-8.897584554556802194e-01,7.400334565740733783e-01,-9.705754734269064765e-02,-2.356637746327681526e+00,-4.684415359974294368e-01,-1.897716390836215128e+00,1.034896560340085259e+00,3.119159504808705075e-02,8.737883759482101276e-01,1.613285505948049758e+00,-1.745747567764446950e+00,3.498865284975713141e+00,-9.873805054569567696e-01,2.466236593771769847e+00,-2.349024373675091759e+00,3.390254838279804228e-01,3.307454998554163694e+00,8.823223871181849753e-02,4.578029759227395523e-01,1.384013301661631834e+00,4.561816743724274037e-01,1.678018036310716221e+00,-8.062816340313996855e-02,-6.465906425480102415e-01,1.693890546498636740e-01,3.659658775013680643e+00,3.930300969895826890e-01,1.808261888534659967e+00,1.100354877683658250e+00,1.596385159440744106e-02,2.113187049740313239e-01,2.989212601913616485e+00,1.886916048030704118e+00,-7.458756229043486119e-01,-2.403199987862222886e-02,1.417344310654290007e+00,3.567948985428828212e-01,-1.134270423454045940e+00,-2.068568677849922821e+00,4.764188693746537057e-02,-1.112956135784356926e+00,1.111032897714116396e+00,1.445209578165082442e+00,9.534214757275940588e-01,1.334132629855748098e+00,-1.740934942135784258e+00,4.681539353768185308e+00,2.033677528274531188e+00,6.004324359098344530e+02
-4.825665308667489439e-01,3.390524390073242911e-01,7.587525987519680992e-01,-2.623034847874531561e+00,8.037547953123488353e-01,-4.275137066258335450e-01,-1.039289564307805502e+00,-1.958290630932204013e-01,1.180560114391425941e+00,-2.016419825071549266e+00,-4.229610394499370152e-01,2.091463806110195556e+00,2.458926099708346413e+00,3.014163685456824338e-01,2.047281075811133277e+00,-1.388982137533714800e+00,9.027915209128395402e-01,8.123212861524772288e-01,-1.073616498336844360e+00,-1.980725510696260239e+00,2.455527382443634110e+00,1.019906959618670061e+00,1.105820685723159169e+00,-1.595714001979440244e+00,-1.355835758519039924e+00,7.923846050034552002e-01,2.690041723857671929e+00,-1.981457126363285748e-01,1.470045916897195326e+00,-1.810384792704225587e+00,-1.455917812152458746e+00,1.275466891872052866e+00,-1.993816173828115268e+00,5.454236651758710419e-01,3.931628857958032741e-01,2.400927637755648103e+00,5.302519359663141474e-01,-1.051143728466457761e+00,-7.094865359979517505e-01,7.164701414988055017e-01,-1.694764150430756677e+00,1.844063700970137276e+00,1.336688299251129086e+00,-2.367105323420687579e+00,6.697387938179681921e-01,4.807569820875738920e+00,1.579584983842282186e+00,6.257341328292050919e-01,-1.852329149329539293e+00,-1.077599539096642856e+00,9.889931204739166315e-01,1.891268438690719922e+00,-2.836657981303194465e-01,-3.262201627519370373e+00,-3.007667861812097776e+00,4.036374778213635217e+00,9.142545146251483956e-01,-2.123636339713509180e+00,-6.462692124123285975e-01,-9.496644149774481625e-02,2.443355257123613899e-01,-8.990998355931646424e-01,1.573528272698698327e+00,-4.350203471022344726e-01,1.884465450583839408e+00,1.105676141071916696e+00,-2.183592396360264087e-01,1.960911128998815922e+00,4.239952050610600875e-01,9.153646344595329776e-01,1.072919328120963689e+00,3.669206099388861442e-01,-1.190891312852067063e+00,6.767868026573237161e-01,8.277282854655167998e-01,2.409913003897122596e+00,2.426606362958582341e+00,-6.875781324727231469e-01,1.789721558552369585e-01,-1.242269837312828251e+00,3.191149307074118147e-01,-1.002419405735348601e+00,3.239104719774576147e+00,2.526432114258519768e+00,2.683928038914831227e+00,-1.389606641734380421e+00,-2.813304995646897400e+00,-1.802656070844098624e-01,1.471464365501794269e+00,-1.521329803969607486e+00,9.120528378247527712e-01,2.065668301720113842e+00,2.936944491373766897e-01,-2.042106871266920809e+00,1.211881884067518067e+00,-4.349529011743462625e+00,-1.976054408217557734e+00,-3.935767139516088697e-01,-4.209973879766121252e-01,-2.449839698859520798e+00,3.444196148866440321e+00,-4.803293109437853370e-01,3.288900173373925373e-01,2.797286535038066901e+00,-1.861474399896960730e+00,-2.901968640368977947e+00,-2.748033992834150174e-01,4.780128508933856324e-01,-2.308238421017253295e+00,1.309475274317141447e-02,2.432407434252473521e+00,4.182336565173873311e+00,-1.705949048724297645e+00,-1.271653102651159939e+00,4.558345273254452712e-01,1.365380334878066870e+00,1.610306668651156237e+00,1.120788843229767462e+00,1.850411858774670515e+00,-8.679371639529285254e-01,2.630231958126546310e+00,-1.334782799779705265e+00,3.755186696170679905e+00,1.091566531260204087e+00,-1.585936728590918943e+00,8.005082979647240582e-02,1.072676421015508197e+00,-5.896567518856232759e-01,-3.649893508377736850e+00,5.212171193630341648e-01,-3.751867456721788008e-01,1.475101939939403861e-01,1.894434875296379550e+00,-2.256377157361291463e-01,1.495293085432338964e+00,-1.152449017610681192e+00,1.268702017974523422e+00,2.326709367533852935e-01,3.072253608910131550e-01,-2.332306011345562646e-02,-1.058896670183873123e+00,3.402416737667263380e+00,4.534045632810000392e-01,-1.208943950115851207e+00,1.015904779023019566e+00,-1.246829618883151802e+00,-1.828054648898168155e+00,5.239261092144353871e-01,-6.474523489782103569e-01,9.651486978533577732e-01,-2.083996281941764561e+00,-2.627057581998324842e+00,2.143372279926258894e-01,-7.866616869686692270e-01,9.802040388064477971e-01,-7.002938127940143698e-01,1.457935308252092277e+00,1.717336446718548570e+00,-2.735301086740263621e+00,3.254960037827806740e+00,-1.383436984328285657e-01,1.885186492548479809e+00,-2.199429500743062427e+00,2.732627901786485736e-01,2.052214501559918247e+00,-2.884246923146620567e-01,1.152086483293801811e+00,1.842784453930738087e+00,8.000182267112043721e-01,1.234989400520773328e+00,-1.502752097644646789e-01,-7.923032450957759876e-01,-3.549508647779702208e-01,2.627477168530287344e+00,-4.540484006988004806e-02,2.077054937560923964e+00,1.433938818630532130e-01,4.967131775895639034e-01,2.478647716436864767e-01,3.379610494639506246e+00,1.850044624792460901e+00,7.393726895268146748e-01,-5.650871583202805581e-01,4.894313910918197119e-01,8.030431459872335032e-02,-1.164596524454727611e+00,-3.385632509699097792e+00,-4.378413306471380939e-01,7.161667194578094087e-01,6.540335105129894133e-01,-3.464595800231701911e-02,1.491095718195421416e+00,5.930667174119279572e-01,-1.728788879475173568e+00,5.658674544413296204e+00,2.015587698616941648e+00,6.005171380746472778e+02
3.300086444310264544e-01,2.714850503372268631e-01,-6.854065956597421572e-01,-3.130451762958977646e+00,1.480321272627925788e+00,-2.965581365942294989e-02,-1.882770187131547646e+00,-1.732631095605849381e-02,1.209363567457446553e+00,-1.147975153593147724e+00,-2.574508651471826837e-02,2.104734949274203348e+00,2.007890934031626440e+00,-8.879205445651223716e-01,3.785999987993738936e-01,-4.464953710555562560e-01,4.679275379994479733e-01,9.454415836749109348e-01,-2.172250525552361644e+00,-2.108739048085326306e+00,2.845545289923826271e+00,7.942368758078004465e-01,1.457353951565027339e+00,-1.477675290641107031e+00,-1.544698579834719698e+00,3.401118037962100882e-01,6.306863533172875069e-01,-2.796470916847390020e-01,2.960767621617024226e+00,-2.508833517935746826e+00,-2.601296684584800456e+00,-5.452141351097709865e-02,-1.843242808903477581e+00,2.110225762788076054e-04,1.264690033477360309e+00,1.301814806606556685e+00,7.330758922145175216e-01,-5.872844417703293463e-01,-8.125349359719989673e-02,4.061578096119616843e-01,-1.744819087116720180e+00,8.455558817073904887e-01,8.948040673830116587e-01,-1.763954028765679194e+00,5.513581087553364179e-01,5.037934745047873974e+00,1.168433577858548400e+00,5.452983221047873474e-01,-1.136572170358632228e+00,-3.555668025157194823e-01,1.712286266725541406e+00,2.245927126132162499e+00,-4.272112207109530213e-01,-2.828492379454451200e+00,-3.287637429356450536e+00,3.709478600504670265e+00,9.681423646576863273e-01,-1.979239547591845616e+00,-4.219902609664930582e-01,2.349254176533532856e-01,-6.604411812771480150e-01,-3.960340735224907038e-01,-1.668725755399434740e-02,-1.244666206242590889e-03,2.277258132509331290e+00,8.840442524850083972e-01,6.946270950479446205e-01,2.669585020974302836e+00,1.598332340861488010e+00,1.023295574263044294e+00,-3.622884325707018682e-01,1.880619087004873347e+00,-1.526094648843797863e+00,-3.954810990296320217e-02,1.608300965651221048e+00,2.340852749865501292e-01,3.311855577585867128e-01,-2.081986911114201977e+00,2.214320274356146590e-01,-5.541377209303880447e-01,-2.241825269604232618e-01,-9.774395243890188212e-01,3.780356059838182237e+00,2.171064657027544698e+00,2.429495750335423310e+00,-9.557563188865292325e-01,-2.496022395744637024e+00,-5.905636176622663935e-01,2.353181461897441817e+00,-1.432587634408719612e+00,2.694407269295074681e+00,1.453987074391170697e+00,4.593991177803610215e-01,-2.135681480696121515e+00,9.341282346579677931e-01,-4.465831024049769837e+00,-1.701549816281316296e+00,-6.957380645299406918e-01,-4.924842167827692130e-01,-2.268436288217737573e+00,2.924373132217135129e+00,4.077663333152278247e-01,3.899085875435549520e-01,2.382720765834358989e+00,-1.509845429945227080e+00,-3.101030526860800496e+00,1.892261825566405875e+00,1.979483531328033896e+00,-2.007425786055257788e+00,-6.315648158974090931e-01,2.943097643631418237e+00,2.555823565306027945e+00,-1.763135036229099173e+00,-1.316163827623345384e+00,9.448440236268974557e-01,1.160321921172343451e+00,5.508681683939629092e-01,-2.238604102433303211e+00,2.335125858985741765e+00,-7.614827799872518899e-01,-1.079377567700768203e+00,-7.322451585495833859e-01,1.323654605455892419e+00,1.618414592074303604e+00,-2.055309316294626321e+00,-2.090899789452867474e-01,1.316040448993159584e-03,-3.117118685502124897e-01,-3.207737916664416655e+00,-1.034316846964462133e+00,-6.141597553962611922e-02,1.518662297849218801e+00,3.196764179417360463e+00,1.512251094357745795e-01,4.638764162828969417e-01,8.669197734464509364e-02,6.595294996087670558e-01,-5.880075827400339517e-01,1.025328253792077371e+00,-3.763880137083854827e-01,1.657680112297762465e-01,2.807514748192916354e+00,1.950985008686908773e-01,-1.216471566673996918e+00,-8.287042899311005684e-01,-1.395796930387888102e+00,-1.501764001931304326e+00,6.606673083141063607e-01,-3.190159210265580692e-01,8.574621175544808183e-02,-3.245891699269845554e-01,-1.825273403157630314e+00,-7.237908168966922240e-02,-6.343859214282532299e-01,8.702181942658699931e-01,-1.200751904060154640e+00,3.637144622884905809e-01,1.382015272991732768e+00,-2.700833209600968399e+00,3.668957522079731248e+00,-1.023709261316410268e+00,1.802671751697733526e+00,-2.187832278585205792e+00,-2.518991938625513294e-01,2.413522760396509703e+00,-6.464629585646017862e-01,9.279359575303102181e-01,1.414409582581471092e+00,4.676334926048145157e-01,1.390256412693709809e+00,6.440128327074556847e-01,5.956163313662633518e-01,2.739857314987745318e-01,2.464654069389919933e+00,2.131315851159872321e-01,1.495340089236452341e+00,3.576821015959523176e-01,5.291340994726894120e-01,4.604837354571618135e-01,2.766799723937524824e+00,1.634021405103004643e+00,-2.566647936696893506e+00,5.725365278046748996e-01,3.066393066455211924e-01,1.085900897485289618e-02,-9.524789946737377555e-01,-2.490517158251082108e+00,6.863944927090758208e-01,-1.724776862867040572e+00,9.287221533882012992e-01,-7.709515089387929399e-01,4.682228774972522767e-01,1.146907034730105135e+00,-1.782859063705620528e+00,5.491229780308588992e+00,1.431808825793680295e+00,6.005292602178242305e+02
-1.559706876275106513e-01,5.050018972345340362e-01,-6.406459430153382817e-01,-2.390643846212635371e+00,1.147053840438184702e+00,-9.705286977084277567e-01,-1.884961185636140346e+00,3.554308361509568581e-02,1.080990673267414159e+00,-5.929832655811273501e-01,2.854550077488061943e-03,1.315843493804428554e+00,1.809775287690702283e+00,-1.325774360725017198e-01,2.333488516372745902e+00,-9.862476231517253167e-02,-1.524065637118491079e+00,1.504082247056341970e+00,7.877252872895082469e-02,-2.245497644776892177e+00,2.976619856760220895e+00,2.786869673311737627e-01,3.442359659638513092e-01,-1.724680379735966884e+00,2.004157201231640428e+00,4.789481272656579414e-01,2.495429770611236719e+00,4.265985446375597512e-02,1.483481454085126661e+00,-1.991443670435212976e+00,-1.358031821383640869e+00,-1.482673752769827769e-01,-1.905930921811169076e+00,1.033207338296843469e-01,1.079257394016106542e+00,7.888601487073647611e-01,1.471493010581951533e-01,-6.209753171762110169e-01,-7.086595445248529412e-02,7.463367722157953077e-01,-1.277410328066490797e+00,1.727008061235491443e+00,7.017418572766778162e-01,-1.703519164790953777e+00,1.415223011653065743e+00,3.198748371187232209e+00,8.345028217550594096e-01,7.204070784240091951e-01,-1.150495177604485164e+00,-2.044146766201270893e+00,1.112805250290343828e+00,2.032365674178456150e+00,-2.882121960164404362e-01,-3.130649642381625242e+00,-2.876450610000682584e+00,4.569435755738561866e+00,5.068877707001094857e-01,-1.817604474563661476e+00,-5.735650280183421934e-01,1.286628324531663203e+00,-3.339801182161213355e-01,-6.129992992413902941e-01,1.564809733207443765e+00,3.463258139150118126e-02,1.245596716129120374e+00,1.586934691062739544e+00,-5.870954259273647446e-01,2.211156054149614025e+00,9.297128972762424004e-01,1.987757682771647216e+00,6.523826237394573235e-01,1.316948179900638394e+00,-3.724221548195615350e-01,3.421093918364765951e-01,1.240827551851985122e+00,5.987451115002523361e-01,5.867696643218718311e-01,-9.134269252287192942e-02,8.829355955548010559e-01,-1.000035288136776668e+00,7.328018043453687902e-01,-1.150244949223372393e+00,4.063537503865465972e+00,1.978223725675350764e+00,2.455791722984223213e+00,-1.650347332040973392e+00,-1.337794033964651685e+00,9.430385724707127104e-02,6.319053391674173126e-01,4.449339027126713586e-01,9.613614062494135748e-01,2.004886447102113056e+00,5.000970320142545944e-01,-2.199560965679078439e+00,-1.727348879996261521e+00,-4.312098733002461159e+00,-1.171823217345813850e+00,-6.825229657373063086e-01,-5.593009358578391321e-01,-2.717901768874915192e+00,3.812229709545379652e+00,2.490152482065235873e+00,6.030623479312801072e-01,3.196388230841801903e+00,-1.664520655162756713e+00,-3.128610124425401651e+00,-3.546702730150649296e-01,4.438569928639340967e-02,-2.754084574106715255e+00,-1.483424473827668288e+00,2.177969343253336021e+00,2.721732354841387647e+00,-6.635652136238203713e-01,-1.506442560981949619e+00,7.992123448475040304e-01,2.224874470416298156e-01,1.518504654418269872e+00,9.390149522474682264e-01,-3.048055009377561020e-01,-5.279000538681832833e-01,-1.189839096667161700e+00,-1.271388947521515655e+00,4.517487307696133492e+00,9.068045024240516394e-01,-2.121512014986443706e+00,-1.805628964679544035e+00,2.028766917457226704e+00,-4.911768082313202610e-01,-2.822772859445654259e+00,-4.339025516426875395e-01,4.277693097314694270e-01,1.864490440843634911e+00,2.712901637768029950e+00,-1.398970866724765783e+00,-1.487912616717766978e+00,-1.067416807114410116e+00,1.720345681898417745e+00,2.245529705907475804e-02,9.715995558426826495e-01,-7.145650007750159460e-02,-2.659857444056912268e-01,2.660251355704622789e+00,2.940544761024117548e-01,-3.391603230982371375e+00,1.132332510015787053e+00,-1.155127575127869566e+00,-1.785083022254146279e+00,8.357253204300099103e-01,-6.274127367984477788e-01,8.147541439495917803e-01,-1.954875935582866542e-01,-1.122464567798231228e+00,-3.911306570286340323e-01,-2.618799930022264633e+00,3.220081569231989072e+00,-6.911717572773018459e-02,8.129719240802519842e-01,1.541064228008442560e+00,-1.578879428157120346e+00,3.705059955203031663e+00,7.698441699318627762e-01,1.571958130026650968e+00,-2.862518995780042985e+00,-2.104361509642650729e-01,2.495617998330648568e+00,6.249049993454072194e-01,7.487254793336097780e-01,7.731483507692767931e-01,6.983224437333850343e-01,-8.366953769377559469e-02,2.418946998482550403e-01,-5.608378335970518602e-01,4.190553803065790589e-02,2.818625925663768683e+00,1.308680496584918584e-04,2.091092885486914188e+00,6.308037382253982583e-01,6.461979205408445726e-01,6.332763309615905278e-01,2.511017203685454113e+00,1.530251522118940333e+00,-3.608731990696386616e-01,3.959734711610481961e-01,6.133095441157140337e-01,1.865213799909219428e-01,-8.292771217622564306e-01,-2.686985144110160650e+00,-6.118034403930378007e-01,-1.451375447067053237e+00,1.237474444187330214e+00,-7.240422834282341791e-01,7.757737472200065820e-01,1.386026674473286535e+00,-1.506569650944284966e+00,5.378564736631874510e+00,1.276066554014759769e+00,6.005545694345319134e+02
-7.526383227466251769e-02,6.277748756399148533e-01,4.202947936876284540e-01,-2.682919028283051954e+00,8.859371311683961192e-01,-9.781429719824608071e-01,-1.150323919277093987e+00,-1.597858293443363276e-02,1.121379690323117684e+00,-1.802168790468467563e+00,-5.698626269373412434e-01,2.062289694580799804e+00,1.986985873737457053e+00,-4.536551808538616393e-02,2.483983455107138472e+00,-1.527689336545069887e+00,6.184340200134342824e-01,1.384637841753922460e+00,-8.735944557376007502e-02,-2.158314324803266793e+00,2.018772647002871068e+00,4.347333406784062992e-01,1.847883759974818241e-01,1.574795177728602336e-02,1.759842965568448214e+00,2.578643150313982835e-01,2.391145218074823831e+00,8.725943798754205449e-01,1.302101779479440502e+00,-1.874146164585777541e+00,-2.612528851319488865e+00,1.707240370293421072e-02,-1.897259517957341934e+00,3.104395795802614155e-02,4.315108227074195835e-01,9.904801096979942709e-01,9.887451799489975768e-01,-6.494525235194300583e-01,1.397169449553009590e-02,6.750410258099901473e-01,-1.399007708345369583e+00,1.182238063256962679e+00,7.378000166217021372e-01,-1.662116009513206372e+00,1.508936969571430753e+00,3.703976827977120578e+00,8.147174138353207029e-01,7.417405803417262966e-01,-1.225524956137595600e+00,-2.266989926191020466e+00,1.213511213964279634e+00,2.021508253798168564e+00,-4.854763167946384850e-01,-3.436569165509359092e+00,-2.942867452273125739e+00,4.663084942033691505e+00,-1.267343744076896650e+00,-2.155709967340409428e+00,-3.405088365505722914e-01,4.498818706559548075e-01,-4.004144323553638918e-01,-6.835959978124103165e-01,6.487905954909869988e-02,-6.927663764495176069e-02,2.290286974311883217e+00,1.012534415311004965e+00,8.161827867663541403e-01,2.204612788068641027e+00,7.271404195617370281e-01,1.650725196788924487e+00,7.105644262584248638e-01,1.601813994850549872e+00,-1.292676202460571133e+00,3.082559343043817512e-01,1.331749445501604123e+00,5.202224004624761422e-01,4.891463388558928149e-02,-1.786423833795423022e-01,7.066194830976483265e-01,-1.158983191428825554e+00,4.634925118027406477e-01,-1.230436413996917278e+00,4.075813296724680512e+00,1.892274314982558714e+00,2.366255821453974839e+00,-1.531955884689671032e+00,-1.072261174356704760e+00,-3.305321607677987883e-01,1.020599853073086205e+00,-1.358049829422572241e+00,2.764350980528733626e+00,1.464054081912831595e+00,5.461312145440969656e-01,-2.238151218836308853e+00,1.046120325347567714e+00,-4.450092842709083563e+00,-1.158677587060628733e+00,-7.378002438582601519e-01,-5.414785859051755024e-01,-2.055591861045352520e+00,3.925357277928614330e+00,2.746302377491010027e-01,5.713045101797964431e-01,2.316816502954645252e+00,-2.532148354445325822e+00,-1.376644332364841850e+00,-5.141911425113703249e-01,2.472038887410611951e-01,-1.398124564539506842e+00,1.663606857844530107e-01,1.591901365256257472e+00,3.164992121093816557e+00,-1.554594920376700662e+00,-1.514025862511745091e+00,1.476869277073410869e+00,1.494436544402752420e-01,5.029544024936609681e-01,1.427394193264544420e+00,2.150421337817971956e+00,-1.445290723143971334e+00,2.665883819596298832e+00,-1.167619514735793063e+00,4.439816612685906883e+00,7.438068390462990731e-01,-3.573452249154168925e+00,-2.246160245574883252e+00,1.722171589141567427e+00,1.888873096395116691e-01,-2.900726368588822712e+00,-8.979999011785984031e-01,-1.295666455326839106e+00,1.740477907863046791e+00,1.649993204054222451e+00,-1.145247455893238619e+00,-5.090702516000621403e-01,-1.008034021771511579e+00,1.401922033429188641e+00,3.025125791513724738e-01,-8.869607183961770724e-01,-3.795594821140669262e-01,-8.617950693036882104e-01,2.525227613083515177e+00,1.432652906260282744e-01,-3.067217240149399338e+00,1.054906883667812822e+00,-1.035343461391907249e+00,-1.539422105828555098e+00,3.780891268280096029e-01,-6.669459842401307403e-01,1.049761697152103573e-01,-7.531883872007278935e-01,-2.297149918402351165e+00,-6.840129966449033372e-01,-7.419714596418736097e-01,1.379409530451732646e+00,-1.165963399416761526e+00,7.197479754303333088e-01,1.569181888702693151e+00,-1.459526918265247719e+00,3.204316149182262929e+00,-5.030807850026678407e-01,1.593490661855994084e+00,-2.580908659327803445e+00,-3.514427995277520922e-01,2.643331442086877647e+00,-9.755989428612971137e-01,7.062204263238546220e-01,1.267443160867474772e+00,-3.112916332587267743e-01,1.230437821815283828e+00,9.746802361845803286e-01,-1.311573135085876807e+00,7.767994846471157344e-03,2.743124673534863334e+00,1.643128113713239191e-01,2.076996094210003641e+00,6.257592658369716121e-01,-1.945721091518365364e-02,5.081319150689783681e-01,2.794160513964462744e+00,1.681682684719672638e+00,-9.799386289236742265e-01,-4.876198077924806529e-01,6.307284857218529162e-01,6.573713407678838383e-02,-7.076685302747628414e-01,-2.367245699945630832e+00,-1.856723969667744001e-01,-1.429425152792376030e+00,1.127239116808014696e+00,-7.715669303267445045e-01,1.578182850573764506e+00,6.286736654968907434e-01,-1.193529199797207507e+00,5.522603884390582252e+00,1.330886856244757777e+00,6.005751787252144140e+02
4.977249228239386536e-01,4.949072745711737831e-01,-6.270333918400232409e-02,-2.779982140408185032e+00,7.901135718504944672e-01,-6.455437549298735922e-01,-2.076159354411615254e+00,1.149196766030836203e+00,1.246356137554399668e+00,-1.926774152993396161e+00,-1.070542331817482706e+00,2.106079525119921136e+00,2.117812685702348485e+00,1.140569477517341113e-01,2.158233250329461839e-01,4.631792702596994049e-01,7.958412184032018777e-01,9.389662327208309067e-01,-6.414755261455280522e-01,-4.247268383609903442e-01,2.037402116176471711e+00,1.514737818391415747e+00,1.116962495551545809e+00,-1.568818193181581888e+00,5.877868715242651199e-01,1.275695460089970812e+00,2.564112702537048316e-02,-4.209271394943798206e-01,1.681109066769737703e+00,-2.527358819295960846e+00,-8.417549947234852503e-01,1.290659580635001413e+00,-1.186689020086310276e+00,8.456194115460982097e-01,5.273947932733216160e-01,2.210218577586764876e+00,-7.194976103379188692e-02,-1.105887527493372380e+00,-3.894759970184819564e-01,1.260924620823901776e+00,-1.546085763663905599e+00,1.534994321369741455e+00,1.394836429737363437e+00,-1.801771810996500189e+00,7.617812385040975132e-01,4.836578124934734824e+00,1.605077004802547558e+00,-4.742958651317200069e-02,-2.195140578129907816e+00,-2.148030697860689564e+00,1.129921906177818069e+00,1.748438180220445615e+00,-3.684099276830258840e-01,-3.070542989675807632e+00,-3.366592628479227578e+00,3.558215334654621920e+00,8.861910350639893297e-01,-2.053665979193191049e+00,-5.972666539543781683e-01,-3.178199169778792021e-01,1.007573560255311806e-01,-6.531172183309054136e-01,1.164717462354161848e+00,2.921777687351073127e-01,1.493001703500090871e+00,1.015841590549731110e+00,-4.934639417191115096e-01,2.229792338556537690e+00,1.390136236175142814e+00,8.519075641512315888e-01,7.340663258237818400e-01,2.825089318237914982e-01,-1.523712881011054954e+00,-3.502644679416078155e-03,4.405764406194419558e-01,2.700928273098266441e-01,6.393841091689288492e-01,3.437201698583946530e-01,1.503258247205450648e-01,-1.109607238050924538e+00,-2.118461898250782183e-01,-4.329863423986572979e-01,3.396520600967957382e+00,2.308314996196903390e+00,2.454095904917690696e+00,7.851843657393193787e-01,-3.353133989605459941e+00,-4.408563912385907724e-01,1.754733736232573893e+00,-1.606776968309449272e+00,2.780164647491261576e+00,1.791823155444547622e+00,3.307131597260545841e-01,-2.146532797405811266e+00,-1.551881533759779774e+00,-1.793530749774719046e+00,-1.965172421332336716e+00,-3.872551837050945411e-01,-3.960399170055640128e-01,-2.294028204641082702e+00,3.663291000192134828e+00,3.653348296325321654e-01,3.635368702862750712e-01,2.752201865572085904e+00,-1.192312721099568984e+00,-2.851328792725838834e+00,-4.068713682580887836e-02,6.698872158966568957e-01,-2.435927561534843022e+00,-8.168002291792680891e-02,2.202912890260111389e+00,4.264520483112224092e+00,-1.529281999035043471e+00,1.491621032795350521e+00,5.648237021786260970e-01,1.283791805431482302e+00,6.871846043838212292e-01,1.117365681481224282e+00,1.992130267778901676e+00,-2.734257225486260712e-01,2.185887802554221881e+00,-8.014833629362291267e-01,3.910570502826817840e+00,1.097499029032059426e+00,-1.644181150343335895e+00,-1.971197110747415771e+00,5.785242645911616854e-01,-4.868816554540462138e-01,-3.490018867130193936e+00,6.303145386180585286e-01,6.348055218744991235e-01,5.050678696401079693e-01,3.287500944338345832e+00,5.672551926505543518e-01,1.636052533450191415e+00,-1.077032510591612535e+00,1.006142422076419241e+00,-1.055424452052675793e-01,2.660577500273909601e-01,-2.188784216394640270e-01,-1.181584848261177711e+00,3.566778468731144347e+00,-2.012441988422788708e-01,-2.807908202643218498e+00,-9.327594539493125891e-01,-1.658645568632067580e+00,-1.643254658483665365e+00,5.204578110653728107e-01,-9.013828457588158871e-01,9.487989947227726262e-01,-2.041147989016665332e-01,-2.597227571141525360e+00,4.642880918072495033e-03,-1.878124443008187816e+00,1.241200894624632012e+00,-9.514228528230039839e-01,6.274292239331004106e-01,1.739755370166207848e+00,-1.511321184640995963e+00,3.301756298644884069e+00,-7.640511832487952848e-01,2.176546449560883723e+00,-2.005444023761449479e+00,-4.093150045897879785e-01,2.223639353792691509e+00,-1.025204388438619274e+00,1.231010715032974989e+00,1.432158264190199981e+00,4.978056026169770387e-01,1.882612803664909684e+00,1.281049583990570007e+00,-8.810386206334146486e-01,-8.155561829138849306e-02,3.365991359759122670e+00,-5.482368169511103728e-01,2.498055470947455614e+00,4.159212408173943443e-01,5.561530719607129525e-01,1.090178174579237158e+00,3.408863071753675200e+00,1.589670168765827007e+00,-1.008576100599693159e+00,-6.197521522453260934e-01,4.677630359457549680e-01,2.306341352485513363e-01,-1.173396494435881010e+00,-2.760988223546195108e+00,9.732106335564538746e-01,-1.636282411886646804e+00,1.279802752699125801e+00,-1.373887296186364626e-01,4.262065891147339691e-01,8.198660399315786940e-01,-9.532721512046781198e-01,4.853663862983382593e+00,1.968055800011538903e+00,6.007279584933819478e+02
-5.393577052281989248e-01,2.587544249893631298e-01,2.803933449479198425e-02,-2.562920239122252752e+00,9.382211540848978126e-01,-4.243677732572104788e-01,-9.448827625827064258e-01,-3.245270107254073499e-01,5.795232898884807859e-01,-3.582922014139612588e-02,-5.263737226189978136e-02,2.184276927119372935e+00,2.492157139312840108e+00,-1.274833732914723572e-02,2.062651236787437448e+00,5.129419222460429584e-01,5.496196150866574648e-01,1.215852848192110702e+00,-1.114969267892588878e+00,-1.897156774720066386e+00,2.364715745221511956e+00,1.259424556465451595e+00,7.154995489719466750e-01,-9.587367517329632438e-01,-1.249388446493747029e+00,7.585052405702951139e-01,2.631731451107800712e+00,-5.677676024718817382e-01,2.184068852320295129e+00,-7.818578681040617706e-01,-2.378101057111135397e+00,9.636636609307411283e-02,-2.167277250469822114e+00,1.776339345904025535e-01,1.570309161272060550e+00,9.375466824378294595e-01,4.541401534567227616e-01,-1.296662366375656017e+00,-6.750109249263080979e-01,1.538989734801542442e+00,-1.774835249749445287e+00,1.435560700740447615e+00,-3.433883430469213127e-02,-1.874110935809023548e+00,9.639491129093545885e-01,2.996932801655487477e+00,6.186672502300576415e-01,6.183021318965830071e-01,-1.698691461658058177e+00,-2.154555254022061828e+00,1.818087973582996453e+00,2.109959177700369004e+00,-7.305028416352078446e-01,-3.175670445371973738e+00,-2.782701866355072440e+00,4.220388772440808900e+00,1.118988397995140494e+00,-2.451734539913260846e+00,-5.388261375489012961e-01,-4.536372451768586056e-02,3.149268613381216442e-01,-1.164224747642872204e+00,9.151858535962658081e-01,-3.366498119927741617e-01,1.420226028359556025e+00,1.648313187340886277e+00,4.263555463368453591e-01,2.610595904882334395e+00,4.826759753068581293e-01,8.881081234923225987e-01,-2.268892615226060228e-01,1.333311681072939736e+00,-4.232694394900265999e-01,2.290020938922434635e-01,-5.647970606287503470e-01,2.303755711392871053e+00,2.419379564639714708e+00,3.735570612795497403e-01,3.667242624031684661e-01,-3.057662775833961399e-01,8.929094031180638824e-01,-1.045348779247161408e+00,4.032606307776814170e+00,2.516522793885177300e+00,1.766682796881075657e+00,-1.437790726244599249e+00,-2.761573011779746789e+00,-4.039358721384240791e-01,6.125471042431539503e-01,-1.375846025710382614e+00,1.146960609726540348e+00,1.440184467687797731e+00,9.896667545747942496e-01,-1.848617572381105356e+00,9.506813509132333584e-01,-2.033503338175631558e+00,2.404074668365933087e-01,-2.369257644293538134e-01,1.542568991496493069e+00,-2.305399950393016262e+00,1.195605966196906650e-01,1.852771636161028579e-01,-2.035617549679159810e-01,2.867961964738276137e+00,-1.403224134144152702e+00,-3.037473837914343555e+00,1.650338078380273021e+00,6.945979048137335132e-01,-1.365890368912701547e+00,3.875511668109359320e-01,2.184958271319635159e+00,4.341890018497817749e+00,1.012409239592769516e+00,-1.027096321065770423e+00,1.737318327791092187e+00,2.631133162062130881e-01,-5.927931057730618791e-01,-2.320946645520320484e+00,1.808860516286771913e+00,-8.238723941840435661e-01,2.502971289069949812e+00,-1.143302301415058064e+00,1.461519541788983467e+00,1.215100006274702604e+00,-2.076359472431421604e+00,2.229597198055509599e-01,3.674632057745103042e-01,1.459522879992841693e-01,-3.774872253700766400e+00,-3.624388955478936580e-01,6.061506683419041197e-01,1.538492277498980432e+00,1.720390839547244477e+00,-2.138169840574237202e-01,-1.678938906657784669e+00,-1.612846713840371704e+00,1.509175038163307558e+00,-5.691013740894742545e-01,7.815745901583592836e-01,5.783802918001536009e-01,-2.971828884246393576e-01,2.390959783747452772e+00,2.200536095529924407e-02,-1.353123845755370036e+00,-3.137939408471672742e-01,6.360137978581403839e-01,-2.122372725667177829e+00,-1.998125959179029576e-01,-1.120568317488910504e+00,6.755463970973325516e-01,5.910400926870534866e-04,-1.910466703574602798e+00,-1.036145416754402360e-01,-7.390695227119840061e-01,9.465456239280818362e-01,-7.061342341152417879e-01,8.373688584643277366e-01,2.045554602424021429e+00,-2.711724117710652582e+00,3.619910744866207342e+00,-7.482141831916062635e-01,2.061560179356884515e+00,-2.155348182475334884e+00,-3.349549272461309068e-01,3.436874284899692711e+00,2.476449177513949385e-02,1.174271258920053018e+00,1.249126535901133428e+00,-8.167708208158346306e-01,1.229463911424040656e+00,1.736800370816471428e-02,-5.499192528994399920e-01,-1.116999933412030632e+00,2.515106116570662742e+00,-2.746651326705824500e-02,2.134885831884046681e+00,5.328249424528925804e-01,3.857198022539892746e-01,3.959287677127449334e-01,3.061404286825052168e+00,1.795907499809063834e+00,7.826966113568483152e-01,-5.488420946719880789e-01,9.829267828830730025e-01,-5.096133784540332057e-01,-9.890897868577208651e-01,-3.400465008065973738e+00,6.313797202014656551e-02,-1.483295932265686234e+00,7.980691468710762182e-01,3.492996432645746885e-01,7.945176403293747747e-01,1.456131547643428670e+00,-1.843030997172767638e+00,5.217581448569428737e+00,1.440496624356808475e+00,6.007593166143539065e+02
1.272213136154928814e-01,4.054634149491840311e-01,4.571517190091134442e-02,-2.376284197666702624e+00,8.861394050891461260e-01,-7.042077127090323740e-01,-2.245947690454058954e+00,-5.857280663975812374e-01,9.407950094066993563e-01,-2.273463502289505556e+00,1.936381157639261441e-01,1.860712943007416520e+00,1.721723947980708269e+00,-2.710821437992376182e-01,2.356719435552780517e+00,-1.395667839916902686e+00,1.001580482828998919e+00,1.539477528279287855e+00,-1.426222371856522786e+00,-1.957381741761293537e+00,1.653848757984510476e+00,1.202095985278046397e+00,-2.074594775447367173e-02,-1.928212527595061010e+00,2.051054066462094649e+00,1.162437629920682891e+00,5.905336488065162648e-01,-5.687789059343353187e-02,1.579252912505033413e+00,-1.107010531603919157e+00,-1.345297699377304035e+00,6.862722585534819508e-01,-2.000206699540589828e+00,2.543666367956207708e-01,3.189864405623752952e-01,9.958601241399156478e-01,1.000503034390193724e+00,-1.438226470146471092e+00,-5.569599050875155832e-01,1.901706613086634912e+00,-2.182980230565356283e+00,1.536960763500022420e+00,6.904616743628495534e-01,-2.216602717323241212e+00,4.004702122344737658e-01,4.503735487304264318e+00,1.080437460205489808e+00,9.255662035311356117e-01,-1.440879440427140779e+00,-1.807442542229391380e+00,1.386991779626419952e+00,2.205892220580038643e+00,-8.177522005703570240e-01,-3.202824077860014995e+00,-2.835763521821029087e+00,3.861295944089188747e+00,-7.228445768021285467e-01,-4.206298957774944891e-01,-6.760060394109687065e-01,1.326497638292643444e+00,-4.971861336933844910e-01,-9.859950573340503510e-01,1.301606412975076177e+00,-3.344208031306472595e-02,1.143569106707471583e+00,1.145926320684727440e+00,1.901798516173694720e-01,2.547408001418966617e+00,1.462827404177093449e+00,1.675838315208922680e+00,-5.284169548948551842e-01,3.966504583484982138e-01,-5.347224653269111450e-01,1.067860551262397983e+00,1.854458563724969977e-02,2.687048316042508933e+00,1.397728407763091152e+00,-1.916391958789506633e+00,7.706552555007887273e-01,-1.050876875048166736e+00,-2.142445698660357944e-01,-9.902859326225081915e-01,4.156808715208540228e+00,2.258958303368363563e+00,3.492764064892856624e+00,8.266298307119834821e-01,-1.117891235834740815e+00,6.870985680815897001e-02,7.218620768973952329e-01,2.977802496681712374e-01,3.589517878521459426e+00,1.567452733349170568e+00,7.254562149990709807e-01,-2.628402589309565496e+00,9.684378737227768985e-01,-1.459369921343667720e+00,1.016593710607457124e-01,-9.436455305225579515e-01,7.168999367390829214e-01,-2.969531959989316405e+00,3.099292124725317343e+00,2.067188275740791337e+00,7.545930166077216561e-02,2.844123213044550180e+00,-1.546250357523183627e+00,-3.306610304723373694e+00,1.604698894707744961e+00,1.342408313068823356e+00,-2.253487810090586407e+00,-1.462155441186778537e+00,2.596541651363304837e+00,3.014924143175477411e+00,-1.720988373781876524e+00,-3.562016925627220498e-02,5.131447246158067355e-01,5.112314005297767805e-01,1.239964744587632506e+00,7.572116004227052999e-01,1.600248360493980559e+00,-4.709238925419842459e-02,-7.916001955648316324e-01,-1.022330285738402234e+00,2.005576393089499199e+00,1.420423760713470207e+00,-3.551628193884947216e+00,9.561560491452282262e-01,1.809723155746250312e+00,-3.272557835726571107e-01,-2.850501413876270540e+00,-3.472076194193114418e-01,-2.406107070693631889e-02,-1.775082844822981065e-02,2.285683597849558435e+00,-7.228449186168669494e-01,1.631961696204623724e+00,-1.162621607452158923e+00,9.454402720404372351e-01,1.701283684342506930e-01,1.190319505023318125e-01,-4.363515446231428507e-01,2.289868560346002280e-01,2.711882721018082698e+00,-1.260890803873470634e-01,-2.125128149805097788e+00,-1.102191835345155191e+00,-1.475153403910766103e+00,-9.314987368919787070e-01,6.023666338191622227e-01,-2.607239013012480733e+00,1.310995344001328666e+00,-2.173468027178397932e+00,-2.471394404369287034e+00,-4.303690833626441781e-01,-1.238956309850974380e+00,3.469425564877430812e+00,-8.219110216276003245e-01,1.734999151443759935e+00,1.344959635808321785e+00,-1.989792321681125742e+00,3.887078799495280901e+00,-6.709814867788158610e-01,2.020077722481819826e+00,-2.157509109792539181e+00,-1.850773167782085449e-01,2.419920197216859137e+00,-2.959882327176213135e-01,4.786091129552238477e-01,1.901559945895935799e+00,-8.867643895905166773e-02,3.956424320548893592e-01,-1.087411558065768835e+00,-8.584513212330380227e-01,3.487199379438410407e-02,3.603301461071787948e+00,-3.316545381704467110e-01,2.034174343645146266e+00,2.258863553637132648e-01,4.527158745111370952e-01,1.241804098809652812e+00,2.733494577332904019e+00,1.808914040264053558e+00,7.818393758586152931e-01,1.346838363439792352e-01,1.067905053410248550e+00,-6.783747299309741408e-01,-1.005833122240543220e+00,-3.207875376020133729e+00,3.071851915037971392e-01,-7.316797120807559951e-01,9.248448660965649104e-01,-9.765321060478606707e-01,1.444644454005195255e+00,7.632939954826210016e-01,-2.228440641225034824e+00,5.235344578079391020e+00,1.971425374815610532e+00,6.008069410689654433e+02
6.558023969868190806e-01,9.161564863674329651e-01,6.495097222623738564e-02,-2.662987508320782126e+00,1.009222883783621683e+00,-1.004494643618504268e+00,-1.821586030753488794e+00,1.119621049796290513e-01,1.207307278577749221e+00,-2.004572510743765967e+00,-2.790192884531011996e-01,1.338360870122519142e+00,2.760389348175518176e+00,7.060222166987253911e-02,2.725573908615883667e-01,1.208580840316107463e-01,1.880845832438467480e-01,1.315145980076261489e+00,-1.069604268613328468e+00,-2.230798550959687709e+00,2.110446665424095869e+00,-1.537137282176005981e-01,1.035908373045333786e+00,-5.485032331532948557e-01,2.182356603781499427e+00,1.450732518351488753e+00,2.740680784745680665e+00,1.626639182869292766e-01,1.820570565162985766e+00,-2.192741701960204459e+00,-9.386731938950639842e-01,6.140498260428477184e-02,-1.032643777915597250e+00,1.742935550523182053e+00,6.755626643045810065e-01,1.619475217282508650e+00,6.536097152024542556e-01,-1.423464393065347888e+00,-1.062868459012604322e-01,2.656411162264487036e+00,-2.570980530262420238e+00,8.521411053519946099e-01,1.308534632857719870e+00,-1.948524905477408975e+00,1.124589010247668996e+00,4.757997508076697635e+00,1.008052819812389478e+00,1.170462563702300063e+00,-2.038381527967071172e+00,-1.847956924921319466e+00,-8.341894933405499812e-02,2.294783995217281269e+00,-2.104705182354400073e+00,-3.119769657485845560e+00,-2.828563013251789826e+00,4.368981179241718138e+00,1.181167077410905542e+00,-7.228012346683667655e-01,-2.320013415810414870e+00,1.040945084425200173e+00,-3.449296504832308763e-01,-2.775128635191368431e-01,1.103995428205591045e+00,-8.310232934047846465e-01,1.447366890136288164e+00,1.128859884457262597e+00,-6.218763280142701744e-01,2.554218230201761308e+00,8.214008203070516378e-01,1.304713588563486848e+00,-1.298891171575144443e-01,1.905783020994801458e+00,-1.206804822715705994e+00,6.548171914736261590e-01,2.255154537702911410e-01,9.620563312557063318e-01,7.245091255907719630e-01,-2.064142400603871108e-01,5.652124125546673650e-01,-1.138558616497645559e+00,7.445520091415771535e-01,-1.236293078098555709e+00,3.993729563517930625e+00,1.983169405990373946e+00,2.952695639190440424e+00,-1.705691022543871949e+00,-3.300105334854017691e+00,-1.311289471968780873e+00,1.175724322405671485e+00,-1.308471354501200334e+00,1.196164414050350011e+00,1.807339511664062925e+00,1.226550485299364168e-01,-2.121933118476891256e+00,-1.502740204743607588e+00,-4.767760850687071006e+00,2.754201361482608856e-01,-3.478700937436833840e-01,3.343379517623329966e-01,-2.866369504551473657e+00,2.702050367957784971e+00,3.392391997622644095e-01,3.818292128757180270e-01,2.844216026056288538e+00,-2.514534507157665022e+00,-2.717822822470478350e+00,1.141003921867976612e+00,-3.133366847240941500e-01,-2.403583168982324825e+00,-1.185492239674172055e+00,2.116066527266676545e+00,2.936892482158191875e+00,-7.525958728214066085e-01,1.580674445211186718e+00,4.926932978435608623e-01,8.044392348730167175e-01,5.694718288027303954e-01,1.201201526928989960e+00,1.579349637801029882e+00,-1.533491369453338082e-01,-3.276245999508735629e-01,-8.756144625140306337e-01,1.264438199621004344e+00,1.191888216638269826e+00,-2.400634447706708752e+00,-2.044998487109635832e+00,1.884740884256455029e+00,-4.555812133341146652e-01,-3.079977524850337822e+00,-7.979504667553757313e-01,1.753757254978560720e-02,1.810804423165874866e+00,3.577704704824412829e+00,6.188627617329566233e-01,6.770790754158902969e-01,3.564666579316315698e-01,1.412118352435276947e+00,7.941683244914676809e-03,3.525518736686037435e-01,-3.938887565301641969e-01,-7.876905575248843716e-01,2.819704087243446455e+00,1.350166834424604279e-01,-2.924677727043872633e+00,-6.355943590796726550e-01,-1.120240350001736829e+00,-2.039719765250957995e+00,5.549541644888671410e-01,-6.738414459382113808e-01,4.214863596985105598e-01,1.515417956214762385e-02,-2.653855176681729766e+00,-5.266286070497597782e-01,-2.041730599711586436e+00,1.167330660791941588e+00,-6.953338044934177509e-01,6.883510506219687741e-01,1.689976680756043459e+00,-2.078568586214504688e+00,3.487530078612612439e+00,-6.646836224626148093e-01,2.257151269885577349e+00,-2.356669296578654205e+00,-1.884724347295520588e-02,2.359428484862460262e+00,5.696246252063307258e-01,1.155483703293343156e+00,1.217624058899794637e+00,-2.988303274814921862e-01,1.737565236703468408e+00,9.667840131935725445e-01,-8.636360561458437113e-01,-7.022086171352202033e-01,3.337285773507828068e+00,1.194758096342815601e-01,2.456955193494724465e+00,7.202251422257737179e-01,4.866234792160872291e-01,1.232458405636770005e+00,2.434167521949084090e-01,2.052868421189591341e+00,-4.466517592971435135e-01,7.515872293138652349e-01,1.355764757784787999e+00,1.091276474299209265e-01,-2.146763479225363369e+00,-2.418825918866753355e+00,-4.198070667773919906e-01,-8.390307656253169766e-01,1.207297438225298114e+00,-7.319503623883500953e-01,9.319487127196786069e-01,1.063743897581723497e+00,-1.412976946376518050e+00,5.519670441637219760e+00,2.080169278334702110e+00,6.009037684665000825e+02
1.637681746082385592e-01,8.868152650643943424e-01,2.540562106647893392e-01,-2.615603372309641905e+00,9.812379608974370893e-01,5.358400003043789495e-01,-1.974323582057228021e+00,7.337293086515253582e-02,2.086371281657628973e+00,-6.222510452952494386e-01,-4.578180203692093775e-01,1.192572044428563904e+00,2.585702808219390469e+00,3.791003167505643812e-02,1.944517669029731444e+00,2.745390692471216809e-01,-1.102704929859007699e+00,7.771195950558336119e-01,-1.044894525792959827e+00,-2.192860086416050791e+00,2.114011139083832536e+00,1.827147507323536590e-01,9.908978789942952670e-01,-9.260947747619741044e-01,7.241289362517546735e-01,1.113283838545335636e+00,2.804819864896199277e+00,-5.504606040783487364e-01,1.182292352537320790e+00,-1.494897279974715998e+00,-9.217468772414353362e-01,2.026016265521403126e-01,-1.912583719964758622e+00,1.928410488108531107e+00,1.542963007580927970e+00,1.416204774206876404e+00,4.700639666882755474e-01,-1.359911793903658461e+00,-1.190760798693415667e+00,2.473527359190288877e+00,-2.599639382385136699e+00,7.575178943451894575e-01,6.376274044516118122e-01,-1.775768990449934748e+00,1.729109886659017770e+00,4.603229797122854627e+00,1.037956321897669731e+00,1.010242796608233906e+00,-8.474820647047582867e-01,-1.971348718190727212e+00,5.750888171803192339e-02,2.129158338857863431e+00,-2.084391698949004557e+00,-3.387617627883735771e+00,-2.866932220131955589e+00,4.289038511861127390e+00,-2.094367850675395160e-02,-2.170379900426339659e-01,-9.957008388114467756e-01,1.121345852894864104e+00,-3.755752765558355577e-01,-1.759654517747435976e-01,1.714229049116077652e+00,-6.070839486934000995e-01,2.354711606970353976e+00,1.193012545093840249e+00,-8.028265273383292655e-01,2.517081140147980456e+00,-3.730187592113219930e-01,1.181124418424099431e+00,5.219204477006750276e-01,1.857202090723776067e+00,-1.100526519558452154e+00,5.948979842714829935e-01,8.505733984769201506e-01,3.513489096447382498e-01,8.545553023699299366e-01,-1.737862838954808142e-01,5.740008325757599561e-01,-5.010996161751946065e-01,2.559424737662449045e-01,-1.112986273000273751e+00,3.596378574850967791e+00,1.984822272368088836e+00,1.980940651286004828e+00,-1.792232035909136156e+00,-1.367634510400290493e+00,-1.960156121219185366e-01,1.447477735720244407e+00,-1.177577794809439915e+00,1.066338785862221084e+00,1.880579874384483707e+00,4.948582404748508301e-01,-2.085318938693731639e+00,9.704981528727293361e-01,-5.006073961931476468e+00,-1.658710081664986236e+00,-4.708526082093733578e-01,-1.429850459329561063e-01,-2.878188030101190620e+00,1.604544328573695777e+00,1.826665500838947853e+00,2.025761709782640252e-01,2.441800944433054621e+00,-2.384323145615613981e+00,-2.265828775138098106e+00,-5.730010119028084992e-01,-4.268755388408618234e-01,-1.193000613203825333e+00,-1.116061192109408129e+00,2.350731616925225698e+00,3.125246925651431251e+00,-5.381280426782690807e-01,-6.521517089593106276e-01,-5.559727207562931151e-02,4.416319736696601717e-01,6.162049035770914562e-01,1.376509904726094469e+00,1.652036651070967865e+00,-7.848493851634725793e-01,-4.362456915755274500e-01,-1.428582649256713077e+00,1.223952387946139808e+00,1.502898075303296110e+00,-1.905020861065789273e+00,6.516497475845796084e-01,1.526439312196395504e+00,6.211457024242517111e-01,-3.330741106213988445e+00,-5.099840352773896690e-01,-7.341614450040793161e-01,8.199626110917326294e-01,2.410219342869335257e+00,-3.294197899477892544e-01,-1.514363541721287731e+00,-5.955710669615863484e-01,1.084178169562059590e+00,-2.882505903351852417e-01,4.808371161239896607e-01,2.842655688240464662e-01,-1.507030982163175270e-01,2.430763178030730831e+00,1.984423803528704844e-01,-3.507833461266448793e+00,-8.035290810134027017e-01,-1.011894776972956267e+00,-2.185715809366965079e+00,7.134994593983561284e-01,-2.108947531835045464e+00,4.762191581593120393e-01,6.624960134468441120e-02,-1.467646571232050112e+00,-6.896238508888791197e-01,-1.531670572766235860e+00,8.093290074880299390e-01,-4.913212276115955790e-01,1.083488151108348951e+00,1.544364345902954128e+00,-1.872712471243180854e+00,3.265736334567399091e+00,3.315134931932350870e-01,1.855066608562758290e+00,-2.262507462298752436e+00,2.467107210750152935e-01,2.898537728363472343e+00,3.198220476014785318e-01,7.063110585493813653e-01,1.586138567994032300e+00,4.906774426403067713e-01,1.796468917412054278e+00,-2.002977782152893238e-01,-3.800542148231683126e-01,-6.982779050239145135e-01,3.089724183900286913e+00,5.675354191377001145e-01,2.213688180256042415e+00,4.858310462463525381e-01,6.624204748566747680e-01,1.356643304145281892e-01,1.574981598107083602e-01,-2.600030247773951753e-02,-8.096404385703593887e-01,2.247750566368444947e-01,4.292327471841129727e-01,-3.951604739244473641e-01,-1.188846237587422694e+00,-2.389792523684796777e+00,6.661614955408334815e-01,-8.371497057254937424e-01,1.173643063854736601e+00,-7.765010071209457188e-01,2.626496563324128286e-01,-1.456680051268669507e+00,-9.521409212278246770e-01,5.252980624593176273e+00,3.532219247888224167e+00,6.009684279621407086e+02
9.138583322678583976e-01,4.229908137354609354e-01,7.509631008656966755e-02,-2.618282898493479394e+00,8.409550295870203973e-01,-5.023906529512596197e-01,-1.755084532958290922e+00,-9.379954764210346463e-02,2.184135026746346409e+00,-1.222435529042169566e+00,-1.720278617544732380e-01,1.463327081625434456e+00,2.251679971066842700e+00,-6.424328130376651957e-01,1.900299421646443943e+00,-1.007822197717727741e+00,6.811091182873523220e-01,9.196601164152560237e-01,-1.104741743910668594e+00,-2.058618298709897765e+00,2.833234611141399739e+00,5.296131143274672715e-01,1.353271748439146327e+00,-1.689321482019977116e+00,5.800741006946118494e-01,5.463008307920046436e-01,2.170158130094792248e-01,-1.870352654180219842e-01,2.061699655360696326e+00,-4.529892212110521177e-01,-1.364540876125445168e+00,1.256218697878035417e-01,-1.791280526828908926e+00,1.645720829767537141e-01,1.514587784012791483e+00,2.390178476328681079e+00,2.185868140082074806e-01,-1.091706650314883120e+00,-6.868707696601484836e-01,1.039423750257709278e+00,-1.992931923751241508e+00,1.777271606296845219e+00,1.479795267374147461e+00,-1.786542930855520739e+00,7.555576104830811213e-01,3.750021795019267135e+00,6.961887075547732451e-01,1.190649396957382811e+00,-1.337629425025984586e+00,-2.170131968943154632e+00,1.287371392627337130e+00,1.788161194823625122e+00,-3.776801271603963395e-01,-3.329058475822394669e+00,-3.657579289972305858e+00,4.653521109827726931e+00,-4.539727508556232194e-01,-1.912672814193705717e+00,-1.122521677945916840e+00,1.816265119815300588e+00,-1.146052027872620921e-01,-6.876279174163260066e-01,-2.627635428971101250e-01,-1.289592657814888188e+00,1.806278763691789413e+00,1.677659805355559586e+00,-7.965061052292876642e-01,2.876553372041589451e+00,3.680531265218374148e-01,1.531365612401303089e+00,4.600623694400498565e-01,1.023527592338102227e-01,-6.791181261669044789e-01,3.061339434240741841e-01,1.584619598759189119e+00,4.611427287012475063e-01,7.143799821535289085e-02,1.382531392393830272e+00,8.405503148787482059e-01,-1.171320403279098477e+00,-1.485536005163190509e-01,-9.845023732766468028e-01,3.450810682211123748e+00,2.735309638217344741e+00,2.405598872136209376e+00,-1.620804876208642220e+00,-1.123628131522932394e+00,-1.272558563053961089e+00,1.197437047522866838e+00,-1.151191374474145324e+00,2.623919774673063809e+00,1.559616142215567880e+00,8.539681210130607436e-01,-1.965521497146786922e+00,-1.556681853547152716e+00,-4.525363300281637358e+00,-1.904786873801924685e+00,-8.783322823881152264e-01,-5.686582561741448938e-01,-2.342553711052224319e+00,3.129966157573109697e+00,2.371978738199173264e+00,1.472620224501259290e-01,2.766569289264560805e+00,-9.790474536138941142e-01,-2.277135440164464342e+00,1.910481117049786626e+00,3.738612817411207656e-02,-1.533294830591105384e+00,-9.039328336974785660e-01,2.266743104733796255e+00,2.677377393260992999e+00,-1.177665002465938526e+00,-1.057520547073169670e+00,6.253784175510785914e-01,-5.299404190280546656e-01,4.436695092921173478e-01,-2.061786304458779640e+00,2.095909567081121860e+00,-8.677975438133154196e-01,9.112934608620366916e-02,-1.121173254969348054e+00,1.455850912108752171e+00,9.353147835067615601e-01,-1.722016287614885233e+00,4.796902440034076509e-01,-9.350854641999649386e-02,7.508058261799039901e-01,-3.045898346389824596e+00,1.086730928383282446e+00,-4.281744065871549987e-01,1.746951771320073288e+00,1.549483780935312582e+00,-1.194985454152326154e+00,4.206360865299049734e-01,-1.736153739586638656e+00,6.957090030390812307e-01,4.257598242566865143e-02,1.099443415721705231e+00,3.171992582356329415e-01,-8.532475679849865768e-02,2.888234542741586974e+00,-1.978803522609608734e-01,-2.099260795332637208e+00,-6.886804458637106885e-01,1.316815611816906317e+00,-1.061878187110132821e+00,2.877951611656882625e-01,-1.019067843487540953e-01,3.458003274976593766e-01,-7.565454632848175875e-03,-2.577955978550719340e+00,-3.966126153364723517e-01,-1.439195394800369732e+00,1.381941686799154523e+00,-9.885750567604381644e-02,3.244380267804433116e-01,1.585247224807445399e+00,-2.691025928017221958e+00,1.319124141339790279e+00,-8.613780885248644159e-01,1.614198155006407731e+00,-2.837115455803036035e+00,-3.757620084308807007e-01,2.550273298579714520e+00,-7.936024901688161215e-01,6.901143078254037277e-01,7.912938867206856797e-01,4.372395880890018183e-01,1.744660402170354008e+00,1.041035609399407535e+00,-5.863479691682464690e-02,-1.055630831757067956e+00,2.568035356730185903e+00,1.679567947622785107e-01,2.006915877876295884e+00,-1.863368183077555029e-01,1.088973538260366691e+00,3.497900557182179737e-01,2.741182203442123821e+00,1.225479149523904576e+00,-2.316130422338193995e+00,2.045278246403450240e-01,5.730977995435462269e-01,1.492012262199375050e-01,-1.621463481740667900e+00,-2.321497210664524857e+00,-1.488681975292841075e+00,-8.390096767175401204e-01,-7.365921898242120403e-01,-9.968284314810929025e-01,1.208051478671838375e+00,4.380488537397740911e-01,-9.590181999745366337e-01,5.521843476398696993e+00,2.958383615910276987e+00,6.009922786029611643e+02
4.656614639842335257e-01,7.858886284754698082e-01,5.950851452741934278e-01,-2.747014726524036554e+00,7.388848667237924994e-01,3.188529584219389479e-01,-1.635721294257023839e+00,-2.661958524894361133e-01,1.110478742495424775e+00,-4.447309720980155978e-01,5.103107956513339705e-01,1.789041296609738652e+00,2.128875256379831882e+00,-1.884588294973056632e-02,-7.356408705265944370e-01,-2.309012438775486509e-01,-7.287229961622960772e-01,8.430856352970016454e-01,-4.806854522550259023e-01,-1.642656792482823924e+00,2.494758707072127546e+00,4.416126892897712652e-01,2.665687792877199924e-01,-2.200242108969189037e+00,-1.409577757683397214e+00,1.038299548621791191e+00,1.911443481898135843e+00,-7.726130373503184989e-01,1.211208997025480016e+00,-2.153652832349992163e+00,-1.424826267490255205e+00,-7.186691601505953986e-02,-1.773222722465023438e+00,8.390776243999670259e-02,9.372839025644279509e-01,1.333463963014476672e+00,8.754322952166060379e-02,-7.818260172050839341e-01,-1.082049140287686839e+00,4.772859990207937164e-01,-1.956992432651524449e+00,1.983265149589096721e+00,1.284084040477776190e-01,-1.590691652415858526e+00,1.236376729434276456e+00,4.339429469056384825e+00,1.201493806346547732e-01,1.208088061327853568e-01,-1.220429133593331494e+00,-2.021162187197989901e+00,-9.599346187693265364e-02,2.132002947610387888e+00,-3.756724691281334017e-01,-2.964858719263850695e+00,-2.871625253327195537e+00,3.671225065519317710e+00,1.029250803386036361e+00,-8.789325205068625468e-01,-2.073111913660520500e+00,1.154113420632763898e+00,3.306752134581339986e-01,-1.227099438704038814e+00,2.798196550478296851e-01,4.461935779477944064e-01,2.470537565196651464e+00,8.415486484271348377e-01,-8.592355890093152926e-01,2.237266307082729888e+00,-5.691769387565649430e-01,9.839859321736492692e-01,-2.431899001870663213e+00,1.415085678890408261e+00,-3.821215290790752062e-01,9.046242831978471566e-01,1.527431069266454444e-01,4.640082300663267989e-01,4.634407728439853824e-01,-5.026427034675130801e-02,-3.430941544789628539e-02,-8.858644664502092203e-01,3.614049010017886809e-01,-1.169816124269390967e+00,4.529178380339644150e+00,2.174755487448967628e+00,3.292054507104701599e+00,-8.366571211194837598e-01,-2.900408706260121150e+00,-7.431241478926242650e-01,2.162590294104387745e+00,-1.363915835372003116e+00,2.832622978960481319e+00,1.945929703758077167e+00,-2.721334016138003409e-01,-2.178991954441682477e+00,1.008407203262881024e+00,-4.535569875057530176e+00,-1.487196625688921081e+00,-8.262606911058684167e-01,-3.221287507420386720e-01,-1.587887537659252946e+00,3.290790193796493401e+00,2.055651134515714684e+00,-1.907411673221429405e-01,2.427749819116423513e+00,-1.171205902872486382e+00,-1.454006095855103986e+00,-3.130420027454011711e-01,1.828937326676365549e+00,-2.296777419479785642e+00,-1.484668580820880601e+00,2.052837255923778415e+00,4.211156768250011062e+00,-8.549495280363470506e-01,-9.957863591258996339e-01,4.158469174466525309e-01,4.274082303730247778e-02,9.723310521580639243e-01,-2.545577897825433311e+00,2.457809152743848813e+00,-9.366286236370037210e-01,2.408571336482270731e+00,-1.492474935982998296e+00,9.262228109435557410e-01,9.375730760245060136e-01,-3.310318406745955233e+00,-1.463955456943458744e-01,-2.482601017618285000e-01,1.644925252916424330e-01,-3.107859722629104482e+00,-3.023316060474867117e-01,8.086224557840179239e-01,7.620819371043554419e-04,3.108734618471910238e+00,6.036499792250875629e-01,1.116267676324504743e+00,-1.727824409102604486e+00,1.368664302700114410e+00,-6.141096397978088040e-02,5.946283698907268711e-01,-1.516464127234368187e-01,-3.451673197809671523e-01,2.135640999274357021e+00,2.848126933704622221e-01,-2.818709048852902299e+00,-5.604733224741289543e-01,-1.359727057241026271e+00,-1.471397792005835425e+00,7.510705334338143579e-01,-6.690826140695317337e-01,9.178719104458862299e-01,1.040928506433166922e-01,-1.873626623572902217e+00,2.138367230206133507e-01,-9.910131623525030298e-01,1.563815881763921167e+00,-7.261834180811296835e-02,1.756275499298517229e+00,7.752581644903818736e-01,-2.076917031010105497e+00,3.141997531107703523e+00,1.689851158998959268e-01,8.352081790805574446e-01,-2.140864985570133605e+00,-2.869529342119152560e-01,2.526126715669819056e+00,5.612688998444809174e-01,5.820604363700483397e-01,3.925965554598283558e-01,-1.162060363355436887e-01,3.291856954650584921e-01,-7.204348770555066839e-01,-9.843839719346008099e-01,5.361647457907867675e-01,2.535383834184585350e+00,-3.970444098420586321e-01,1.953988488032902593e+00,9.685089674065017196e-01,2.762922378389777167e-01,1.512794162903293493e+00,3.049845026438571249e+00,1.414797349750243294e+00,-7.624544167903968273e-01,8.052354995458661513e-01,6.662778574174832436e-01,-4.864452977376216292e-01,-2.166714457568706731e+00,-2.124632376632080710e+00,-3.124464501996347954e-01,-7.460205207119050552e-01,9.300684595895402085e-01,-4.693618542518424586e-01,1.822577214189697870e+00,5.728900843155194655e-01,-1.296017980905449951e+00,4.819007759660525636e+00,2.172613981810438855e+00,6.012806816708114184e+02
-5.310411342918585076e-01,4.857987725867145556e-01,-5.763703683143632794e-01,-2.548455406534556378e+00,6.648632327476887705e-01,-3.590185822228583734e-01,-1.494410540809494536e+00,-3.093641635081519903e-01,6.341967608396109624e-01,-4.796278985725953015e-01,-2.509385902969821225e-01,1.261115221530881847e+00,2.327013057765284110e+00,-1.443774766556512601e-01,-6.903682248612738603e-02,-1.622833941719425077e+00,-1.278865206261237342e+00,1.541936072639830790e+00,-1.239424425479594749e+00,-1.767651423437102798e+00,2.858719928399135579e+00,-4.181817806209570110e-01,6.726914010833103807e-01,-1.782994704104865047e+00,6.924040678264018478e-01,9.129131866063983081e-01,2.148249905022618478e+00,-3.817786128240682753e-01,1.394162084733278517e+00,-2.462504837417355485e+00,-1.258930362459226959e+00,3.898310426300932718e-02,-1.541851467380381147e+00,6.594995973033327408e-01,7.440160255881538287e-01,1.148826461197246740e+00,8.252350963593479971e-02,-8.707738090955329247e-01,-1.064671783192396859e-01,8.955684243498490682e-01,-1.840781431410810853e+00,1.601946998552790991e+00,6.863789786095908507e-01,-1.990642701128797931e+00,1.320195495032326249e+00,3.364296022452298640e+00,1.007160764612103909e+00,1.402164687393569587e+00,-1.566126291525928194e+00,-1.284706774638562754e+00,1.643023762251392572e+00,1.370900108175828747e+00,-2.410623025466073488e-01,-3.547382490027429558e+00,-2.789332259130596015e+00,4.577838132503480040e+00,1.181823464864419249e+00,-2.240074559829119849e+00,-4.377291713725745548e-01,1.138305892410129694e+00,4.538536188595614917e-01,-8.076986514814052387e-02,1.230228844956796408e+00,-6.236470760210549580e-01,1.712809279307394794e+00,1.138049385647431411e+00,-6.472294025229483605e-01,2.235729132687896747e+00,7.277359902673457004e-01,-1.043133505009303935e-01,6.512462391955848862e-01,1.449394925799211586e+00,-1.191842413566866155e+00,-3.925240970536654495e-02,1.549582589920080578e+00,5.215177218721146479e-01,5.260120787872282211e-01,3.230359310648583948e-01,5.467861990445469500e-01,-1.162694101296232185e+00,-2.548382456854698108e-01,-1.184124524566344094e+00,4.241816298307810484e+00,1.953648279691810430e+00,1.857031461967663111e+00,-1.925005056923371427e+00,-2.885553133713746554e+00,-1.236159462741701853e+00,8.101436246651672057e-01,4.410825434546329915e-01,6.510106121528371759e-01,1.920089265170243475e+00,3.421242194269820125e-01,-2.146487400187381045e+00,3.695349553271155552e-01,-4.223110748969975070e+00,-1.961395725090270714e+00,-1.079133891066710094e+00,6.487056701910467460e-01,-2.522437624507646969e+00,3.072167858739920820e+00,5.818618056491425827e-02,3.868280681127137521e-01,2.559040912966342951e+00,-1.439140256294858977e+00,-1.407967026519667764e+00,1.313469005739143602e+00,3.181805088853411068e-01,-1.738858451904782054e+00,-9.085668976081887616e-01,2.330214616259463689e+00,2.055693993055887070e+00,-8.691630019969144305e-01,-1.656653297974459038e+00,7.581417013593777510e-01,4.455654555500194181e-01,1.296786461762565068e+00,6.938332995616802723e-01,-4.342272009779670205e-01,-6.944294448767113215e-01,-4.532444930881242562e-01,-1.823247761908260989e+00,4.530450843116214266e+00,1.206574250264057735e+00,-2.215050211736277141e+00,-1.725532422077690642e+00,9.981784033652649768e-01,1.351199082679326383e-02,-2.984444678454753141e+00,-1.033950192181696259e+00,1.863678973852537779e-01,4.529814533239832075e-01,3.095473140265041501e+00,-7.621278628905384656e-01,1.563402542896790814e+00,-1.696680692705629045e+00,9.424919618869124216e-01,9.497939109540667890e-02,-6.085874726829694215e-01,2.505967095022891833e-01,2.358125273447785053e-02,2.962104454546611976e+00,2.831482266242797419e-01,-2.365544519559568570e+00,-6.392111023942086412e-01,1.105131208145442967e+00,-2.087172027052333512e+00,9.412413374135476518e-01,-8.587436550829627979e-01,6.611092231377815320e-01,-3.482513172533694967e-01,-2.701292364986640049e+00,-2.061843725115212189e-01,-1.180454767986861109e+00,1.863514255406688580e+00,-9.647327304924346869e-02,8.721628425698190190e-01,1.852634980494382688e+00,-2.106796138337380331e+00,7.840526630153696885e-01,-2.192998075644478906e-01,1.713575219988548781e+00,-2.245552824400473213e+00,3.545101053753189624e-01,2.176214590319311082e+00,4.427481496753638557e-01,7.763358138959535193e-01,1.392498464729801766e+00,3.630642893578890917e-01,2.426747104492973928e-02,5.591099863601822761e-02,-9.756585396248358411e-01,1.388161183360707984e-01,3.006800952335123345e+00,-2.019859579320451015e-01,2.121492918474986666e+00,-1.506731031821758326e-01,7.551579701883832652e-01,5.077722061897784744e-01,-1.824472304221390617e-01,1.499580382409193557e+00,-3.540017853421222327e-01,3.562385487003883466e-01,2.635407047053978102e-01,1.017702851279645715e-01,-1.983037425167862855e+00,-2.793726625838254485e+00,-6.515159669956347432e-01,-8.678227160783500427e-01,8.565053015054994168e-01,-5.864744558790276896e-01,1.382036559095973560e+00,1.089760749835049891e+00,-1.491064396130072467e+00,4.976990302879862327e+00,2.704439580298839907e+00,6.019279572073936606e+02
-5.896674854276899858e-01,2.657724986087399710e-01,5.735208208312765343e-01,-2.442131530668449457e+00,8.821977270466981880e-01,-4.697287127567929543e-01,-1.825506570219478597e+00,-5.147412551099268818e-02,2.097621047985216425e+00,-1.925081502361069452e+00,9.711106646333131365e-02,2.170251638896815383e+00,2.741377041787486313e+00,-2.581627923344326780e-01,1.857856829216237182e+00,-1.523358469496727263e+00,-1.031345113202879027e+00,1.090414193934734266e+00,2.413703185765841974e-01,-1.989828898969289162e+00,2.046690898430118200e+00,4.630349741413838927e-01,-7.658196426973781779e-03,-9.674766107737953202e-01,-1.337108501262905813e+00,8.150250925340123409e-01,2.558066101567190387e+00,-6.379647314228290567e-01,1.581939303704571920e+00,-1.594215912999908724e+00,-1.584733617862632338e+00,2.225431732449579258e-01,-1.540738117055066025e+00,3.991264764202619997e-01,1.472536505690596798e+00,9.309373611383878755e-01,-8.344612098159735758e-02,-8.725522500629874223e-01,2.674498556302395413e-01,7.547739886279194454e-01,-1.512789783377178621e+00,2.022428473486817424e+00,8.808970798058640694e-02,-1.916990078944911691e+00,1.795164490066279317e+00,4.947196064197664001e+00,4.896253527173586306e-01,1.078126090321499753e+00,-1.460410711170814890e+00,-1.780443938389498770e+00,1.843496813332217599e+00,1.781915552861696561e+00,1.097428937848176078e-01,-3.937294004897198274e+00,-2.823191848773912938e+00,4.032600082076012171e+00,-4.380294206194451645e-02,4.068290555640493578e-01,-2.287088993996546193e+00,2.377041578546361222e+00,3.440917744455093130e-01,-7.791876090779288333e-01,1.077002360153579696e-02,-1.632104247442093481e+00,1.007919554486030433e+00,1.870313050709506042e+00,3.532437375926878453e-01,1.830432665100132805e+00,3.795710686120369326e-01,8.908429389645028396e-01,-3.045939710942980883e-01,1.435183649250498128e+00,-5.638142425756076381e-01,1.963533489613676242e+00,-4.640251466287433901e-01,7.260463867783559788e-01,-5.342793195158334063e-01,-7.420456356963971434e-01,-4.281875818169945114e-01,-7.691445916275518879e-01,-6.838898509218492572e-02,-1.064603414655609370e+00,4.088363354911519032e+00,2.002761669254688126e+00,1.923322854843132479e+00,1.288630848407757545e+00,-2.807844445624593899e+00,-1.540062136466094356e-01,7.469605384000659321e-01,3.709686447138533238e-01,3.665201617890661012e+00,2.002322122823375405e+00,-3.776073977135172011e-01,-2.300470477601352481e+00,-8.851452980878913301e-01,-4.618483362653187818e+00,3.570502060745635031e-01,-1.015822735701439328e+00,-1.070611408928467401e-01,-2.076887786419484794e+00,2.663438414565744150e+00,2.073866766416972762e+00,2.716634442303979546e-01,2.676798658981035750e+00,-1.882474238545260414e+00,-3.063140826055624100e+00,-4.034408458655220908e-01,-3.908643369751257923e-02,-3.142116051694821444e+00,-9.084332231427708626e-01,2.498885275043743803e+00,4.539658108352857546e+00,9.436150553854600886e-01,-1.210684811189281840e+00,1.361227612035735834e+00,1.482600350327354155e+00,1.294524954627690017e+00,-2.434596924810026763e+00,1.756094897689498557e+00,-8.789461739389454742e-01,2.453009821429853687e+00,-4.809326236622620265e-01,1.518542454443526868e+00,9.162320448780112425e-01,-3.076512234234747289e+00,-2.207100613111263876e-01,1.914270360233107482e+00,8.490175903521379741e-02,-3.600471977540745439e+00,-5.907391317878230019e-02,-3.097542460859999403e-01,1.772891503517710909e-01,1.814599281976609468e+00,-1.195162753892805296e-01,-1.628640390760439649e+00,-1.566749642880629345e+00,1.487368223076559470e+00,-4.068590880114754671e-01,6.790023419024240336e-01,-2.107928184049645548e-03,-3.773496773041594143e-01,2.053039352340706447e+00,-2.935422703027896763e-01,-2.999080109025892504e+00,1.141979172782273677e+00,-1.509552476500648721e+00,-2.133526896540042905e+00,4.995066995701464285e-01,-1.060942412817817759e+00,8.867125618805987708e-01,-2.241110102346905997e+00,-2.201450868512774939e+00,-4.576592353878041752e-01,-2.505140555405879432e+00,7.709044404826486119e-01,-4.136211511738970836e-01,7.269635541428322023e-01,2.176494732556700562e+00,-2.105527659730716206e+00,3.163777158256395161e+00,-2.736567079646257117e-02,1.910158652020936820e+00,-2.305118284214088042e+00,-2.569406358301251081e-01,2.956329020093102500e+00,2.893311587942952734e-01,1.103404322211309907e+00,1.836213142220981531e+00,-8.967375576078842059e-01,1.251212899447110782e+00,-8.906866338403415240e-01,-1.330447999084506172e+00,-1.078987537082773063e+00,3.011156917365447772e+00,2.982182204084615762e-02,1.770473033865389567e+00,5.852274720777903561e-01,8.119563395839031195e-01,4.658667533662274041e-01,4.846770681195083919e-01,1.387506028988245710e+00,-5.290754039307380419e-01,-2.432723863835494771e-01,9.852517822245701051e-01,-3.742207699214334521e-02,-1.039115430133263462e+00,-3.244709079170857269e+00,-5.417567617324439144e-01,-1.385383966676389189e+00,1.260070143887005223e+00,2.868214531928829913e-01,1.509117035662185025e+00,6.250028923311157225e-01,-1.043715454797763176e+00,5.649565844403231729e+00,1.201707696560153638e+00,7.001249526030806010e+02
2.915363097230413980e-01,6.062219901998643357e-01,4.381035887975193166e-01,-2.602058248830606324e+00,1.148147336682769915e+00,-8.227789423180424944e-01,-1.749070840297439755e+00,-3.524763926838271888e-01,1.310659337457397600e+00,-1.983262343120026472e+00,-2.781924421979146689e-01,2.190595545598459370e+00,2.776021348969477387e+00,-5.818942139969124350e-01,4.102337218593085089e-01,-8.095758733342999225e-01,-1.171706890827590275e+00,1.393977193106775481e+00,-8.900803011421644095e-01,-1.980472394567044825e+00,2.513701873070258497e+00,4.423931323365726809e-01,1.514406501501182722e+00,-2.194025532160185143e+00,-1.069269544286543416e+00,1.347767874963674783e+00,2.628683074379734030e+00,-7.974091145249845303e-02,1.958617951906744148e+00,-6.096617772921635314e-01,-1.428067363662776756e+00,4.912935905002570602e-01,-1.645568936211516675e+00,-2.245103036076349090e-01,1.082209151738517727e+00,1.361972514818642788e+00,3.862294032863790583e-01,-1.216076738020708703e+00,-3.444291781854081913e-01,2.967367319374225154e+00,-2.315626732053757131e+00,1.593520391102926981e+00,1.468847467959011110e+00,-1.989143753032161177e+00,8.370707691257052163e-01,4.895958871079321817e+00,9.341123412661896108e-02,3.935816496103057283e-01,-1.131598579237218516e+00,-2.511623494531263212e+00,-4.615312386688175117e-01,7.403631593406796441e-01,-6.904798421377746909e-01,-3.091415839117902742e+00,-2.630483715719940108e+00,4.291878387435985154e+00,7.218201825334946697e-01,4.685346282684719199e-01,-2.359637256993684318e+00,2.464862234305421396e+00,1.495780627212038583e-01,-5.504654102425317053e-01,2.935206755262844691e-01,-9.862923960949419033e-01,1.690313012038794804e+00,-1.961573503527946072e-01,8.600616511137652020e-01,2.334618340082501575e+00,3.132740834312982559e-01,9.380093637895388081e-01,9.994469095320600571e-01,1.197509055813860135e+00,-4.620099173909138490e-01,2.786160538700851452e-01,7.744733556144706155e-01,3.013341145328034543e-01,-3.219620158467682014e-01,-6.751201419062289322e-01,3.512595557191082740e-01,-1.243541043326416018e+00,7.389095532300906655e-01,-5.776420166056969174e-01,4.123044448915923255e+00,2.094782485571535791e+00,2.183528586152887918e+00,-1.447542575733203885e+00,-3.517483127876567028e+00,8.899038462691338802e-02,6.579632810615991811e-01,-1.116466719601900692e+00,3.442582790763403455e+00,1.480184667047870439e+00,7.812393292937427347e-01,-2.201550500537986288e+00,9.683722180558353987e-01,-4.770905884336809066e+00,-2.367971234788020851e+00,-2.751910700373937368e-01,-2.795814805816918547e-01,-2.389479359564425920e+00,3.201850073788895745e+00,1.666076741567913855e+00,4.382381308052730740e-01,2.389248257374317674e+00,-2.084316924497163548e+00,-2.346531155367149513e+00,1.024020369618790394e+00,4.113158548428715311e-01,-1.469287249608488111e+00,-1.623090822223652419e+00,2.097431641332574426e+00,3.801239935576057327e+00,-1.122665920289729113e+00,-1.496470056959712691e+00,4.569004456024197136e-01,6.283157303716899733e-01,1.231551579546847686e+00,-1.660842020068352132e-01,2.324891084193799973e+00,-9.667994997472664775e-02,-8.454101689031784383e-01,-1.058519089206655384e+00,1.665311202341942520e+00,1.300225583397488505e+00,-2.121126632416602042e+00,-2.294645835188229732e+00,1.790281260608981434e-02,-3.573925532995604337e-01,-2.524637327688353139e+00,-6.985981522230260143e-01,1.634126104628987608e-01,1.332714977132629652e+00,1.836420582979850558e+00,-1.158604219190073059e-01,1.133001186091828316e+00,-1.814285425143457253e+00,7.588547047841742721e-01,-8.009745261705126795e-01,4.956520635426668875e-01,-3.175212202550373730e-01,2.925776847926722657e-01,2.568909015867392398e+00,-1.048481458917198961e-01,-1.932524557219708727e+00,-9.033947653897306251e-01,6.901729839001605749e-01,-1.504509530553113095e+00,6.907133334733199792e-01,-2.749675624101776128e-01,4.260989162349602122e-01,-2.249222882466863499e-02,-1.328879685928309184e+00,2.269817551239042275e-01,-4.682257567834413048e-01,1.590380140556449717e+00,7.360491477307916364e-02,7.897660437714552062e-01,6.391255674221711924e-01,-2.231059982555978483e+00,3.320301665671508307e+00,2.821009635932078541e-01,1.685921001346206261e+00,-2.405553904902551388e+00,4.908189984187595889e-01,1.927631557428158837e+00,-8.028444190487035170e-01,7.368118784398741683e-01,1.908256917151957888e+00,-4.485975046736378480e-01,1.544862588836130923e+00,7.271188251573121319e-03,-8.199005839890999292e-01,2.427663178491070717e-01,2.454533539274568188e+00,5.438829627199689432e-01,2.140778203600779861e+00,2.053469819245694605e-01,1.218332813833179484e+00,3.963795380158904313e-01,2.925668071105647527e+00,4.411421069271317386e-01,-1.051460252412101060e+00,6.917156774761342719e-01,5.784953303575289807e-01,2.100313978113790558e-01,-1.865637033364823338e+00,-1.984009592080076878e+00,-1.181983568058801337e+00,-1.300331479761520637e+00,-6.400612955471394194e-01,1.427491809429093372e+00,7.107989249345796345e-01,1.381418985175633107e+00,-1.487117849465978470e+00,4.656158607941129013e+00,1.871204286980082898e+00,7.002277257870691756e+02
-4.393125463739215308e-01,5.081413177904736678e-01,5.582404123718373024e-01,-2.567946266938683664e+00,6.894230806156446123e-01,-5.715630832821561036e-01,-1.957922952827576779e+00,-1.567958830189490060e-01,1.306376472912909259e+00,-1.584077922081271295e+00,-2.067491139421234747e-01,1.103332607187570646e+00,2.542835629095883565e+00,1.486607580935896677e-01,3.679961460034596454e-01,-1.509013202081930904e+00,5.161357614580489583e-01,1.127586900832256989e+00,-9.775277555251034034e-01,-1.717114073939890684e+00,2.021164912786813872e+00,1.442771975856479649e+00,3.585972640471035144e-01,-1.020809993405361826e+00,-1.275166482840013327e+00,1.364195068221346840e+00,2.785373936755472624e+00,-2.416204643451468903e-01,1.615292374336484205e+00,-2.035117869916596600e+00,-1.464516798997280489e+00,3.149095048518757989e-01,-1.883381392424231748e+00,9.048567988738249745e-01,4.116740259018059622e-01,2.258890719221771981e+00,-2.922827372657768041e-01,-1.006194019135691509e+00,2.179769794775015535e-01,1.235097424566608204e+00,-1.793638173909279043e+00,1.205146375674783110e+00,-3.156167254459292248e-01,-1.760092203212655804e+00,2.523257354740683356e-01,3.055360147660164394e+00,1.875538631799198219e+00,4.973743445976679389e-01,-1.595578525635522382e+00,-1.109394642432671718e+00,1.837058143958031353e+00,2.068283420634613901e+00,-2.928555844866205238e-01,-3.126213249365233260e+00,-2.864141117511251000e+00,3.373284345010150620e+00,1.008916075224477238e+00,-2.368146141367836188e-01,-7.982559111607731017e-01,-9.154427803135242736e-02,2.892139975584100409e-01,-1.297659653556957338e+00,1.634073102564660651e+00,2.804555607911379256e-01,2.093485477762808689e+00,8.187464881882933199e-01,-9.918049525028600488e-01,1.494398631996357807e+00,1.220492698532110287e+00,1.119077147040528963e+00,1.011982518487026139e+00,6.134543174213599181e-01,-1.429416103437013863e+00,1.948893243409722142e+00,7.907378328949171697e-01,2.524757095078059344e+00,2.272018333244683941e+00,2.030623677682094619e-01,3.144902010807608672e-01,-1.271562542098585658e+00,3.197972509183121814e-01,-6.154222551175966283e-01,4.702209788326061179e+00,2.400470119720485407e+00,2.639853606926333640e+00,-1.361939642079379231e+00,-2.608535253057832737e+00,-3.551001435563285180e-01,6.661066432122572101e-01,-1.268086643446369566e+00,1.040984309657178253e+00,1.923266683637760543e+00,2.713970373314309459e-01,-2.273670174577709702e+00,-1.123228456043723567e+00,-4.293050638663058471e+00,2.554381042324898599e-01,-9.519853412977722362e-01,-1.661962587209213915e-01,-2.236466095650168739e+00,2.718111292916848054e+00,-3.208199334327239693e-01,3.884473004463971924e-01,2.960155408676073296e+00,-1.639204388833176207e+00,-3.024793167240583003e+00,-4.279742633114305694e-01,3.691271428905722463e-01,-2.737460113218644242e+00,2.652017352602051292e-01,1.515107308774489736e+00,4.198828781438831648e+00,-1.477033706659492074e+00,-1.192966655886697813e+00,8.823996584338736904e-01,1.306009381448543172e+00,1.437246531828145990e+00,8.776901133252947851e-01,1.855061446161341054e+00,-6.141418073755045004e-01,-7.515576138785641236e-01,-1.040654247587564640e+00,3.633546825246019907e+00,1.361862734070823588e+00,-1.737795160997408495e+00,-1.726152542779706645e+00,1.216390672722197142e+00,6.538920841867826295e-02,-3.715507667769900824e+00,5.377471078258432291e-01,6.784075410878418477e-01,3.243375683314610458e-01,1.560592019166220368e+00,-1.952951545109211651e-01,1.652598625500432128e+00,-1.245999604677305195e+00,1.557094500439787144e+00,-2.888469956842665831e-01,9.299811842359516634e-01,-2.146576471924747098e-01,-5.819365363782291745e-01,2.643878964814421639e+00,4.856192858548017965e-01,-1.243078714275735353e+00,-5.273312867211721322e-01,-1.752049861310487566e+00,-1.403458595317311763e+00,4.409796213718049640e-01,-8.333130990389330250e-01,5.112463964643598757e-01,-2.325628550134376749e+00,-2.574095234396062803e+00,-2.787385264334468760e-01,-6.952473481069114669e-01,1.157881705021769125e+00,-1.385198383212937312e+00,1.448110548384490492e+00,1.973106816555101117e+00,-1.713864390101254465e+00,3.298701516339616280e+00,-2.537635841534083836e-01,2.158336442705982794e+00,-2.228706425043153860e+00,2.714004466370203428e-01,2.814125007243062360e+00,-2.990895188624503875e-01,1.045961556933193704e+00,1.729883707970445439e+00,-9.955427871000767093e-01,1.271250924744727229e+00,5.888414716061894649e-02,-1.232828512025244017e+00,-2.090840011986326019e-01,2.656363696679493902e+00,-5.853645380758254468e-01,2.257461505193423701e+00,3.009467292971223507e-01,1.749575090820473244e+00,5.606063342569295171e-01,3.589465038133944574e+00,2.211927322601733081e+00,-1.010050637161445497e+00,-2.020926848326022873e-01,9.217181726600348624e-01,-4.806347229983423119e-01,-1.117309559631653126e+00,-2.433074122908081005e+00,9.972492721782780789e-01,7.159674550201367005e-01,7.450590986106303548e-01,-8.544057756882031396e-02,6.403285776813767427e-01,7.607805257982698244e-01,-2.165409902144192600e+00,5.040107525399791122e+00,1.321013103641436315e+00,7.002661699183041719e+02
5.055190571041519032e-01,9.637434149699677377e-01,2.586915815706631872e-01,-2.741365725890047678e+00,7.595870313515942218e-01,-7.957920557049965593e-01,-1.373925613502846588e+00,5.842514012496065334e-02,4.766587531337456718e-01,-9.169650779453869527e-01,1.445720796205895303e-02,1.380616030955807982e+00,1.713996605486369118e+00,-1.075716077645994841e-02,-5.243508768795274166e-01,-3.005111087357079658e-01,-1.519306233163964404e+00,1.252134144763297208e+00,-9.281749435887738375e-01,-2.341000153744460910e+00,2.644148951055684371e+00,7.078341118639527307e-01,-2.555533492384318150e-02,-1.627941428281669767e+00,8.927306114755151345e-01,9.636793278938150520e-01,2.974955890973174810e+00,-6.684017398592322357e-01,1.337510132699604171e+00,-2.324079626470067161e+00,-1.392733254643422125e+00,-6.148613741164253854e-01,-1.763801297350782171e+00,2.870397608153770208e-01,5.369784976647555830e-01,1.387894807345714465e+00,3.856432673466649724e-02,-1.627640784786966055e+00,-1.202254795402832199e+00,6.487775838272464846e-01,-2.166753654113015570e-02,1.094022582850875169e+00,1.588395466998325123e+00,-1.637343020444440134e+00,1.056393187542812750e+00,3.350708178645992241e+00,4.145061984712793413e-01,1.031298678405226710e+00,-1.168831271651459280e+00,-2.464937064093570385e+00,-3.405517397243605915e-01,1.612475828985581172e+00,-6.482519845963021776e-01,-3.137863170261637968e+00,-3.316990317198595495e+00,4.754937151636896786e+00,6.529483167981724456e-01,-1.580967470394839314e+00,-2.130341122626533856e+00,1.941614759507261034e+00,2.754065729922874906e-01,-6.382504126523429189e-02,4.715858383917772567e-01,5.053293001574979959e-01,1.776685615930487794e+00,1.192047993056596089e-01,1.102377487609986106e+00,2.213892527394824228e+00,-8.605855076561985673e-01,1.260105486625501037e+00,-1.960824099268729248e-02,1.515224394341514458e+00,-5.463379119647937543e-01,7.448245941593586439e-01,1.740349086168891279e+00,4.290048681738607983e-01,2.711245223448716102e-01,-2.100606384799854620e-01,-1.015287158713359950e-02,-7.681633475781457498e-01,5.828138461487266664e-01,-9.928929429470433332e-01,3.581678599372058791e+00,2.051075095106460910e+00,2.081249838857093692e+00,-1.621523969814358423e+00,-2.642728449640036725e+00,-8.092687530473272606e-01,7.520111945883201088e-01,-1.352640702959987840e+00,2.539874372519835166e+00,1.943895328969823977e+00,6.602374568190748638e-01,-2.006593104856008836e+00,8.408825832833102254e-01,-4.043766465940271004e+00,-1.612543011398791082e+00,-1.028269482480396180e+00,-2.215665539905912196e-01,-2.247531725073214748e+00,1.058685509843215966e+00,2.007503849699159737e+00,8.901451664111952322e-01,2.409937108677093320e+00,-1.140752620096594727e+00,-2.556954141599944386e+00,-1.572016699797168515e-01,7.045084223793051867e-03,-9.029455160817828618e-01,-1.568934707427242392e+00,1.284223405050897160e+00,4.272585013021154232e+00,-1.569309981417315036e+00,-3.167146228109274930e-01,8.945425717213106864e-01,6.061540433510753667e-01,1.532511946592683971e+00,-2.570643999326807094e+00,2.508448847209372001e+00,-7.450065756434158804e-01,-3.495291273252411068e-01,-1.446463630911883236e+00,6.728570096795556399e-01,1.144973676862396150e+00,-2.280725704959619016e+00,-2.184686440316544687e+00,9.690585335515715659e-01,3.160203109198536087e-01,-4.396387543795058583e+00,-1.908064497193023845e-01,-6.129160551977891336e-01,1.099046340661551824e+00,1.585500234377948292e+00,7.548820834246909861e-01,-1.566019455113485614e+00,-1.386178215162851224e+00,1.291169913580882511e+00,4.311934000837244763e-02,7.652719812948124423e-01,-2.414595150427867321e-02,1.132318822221069776e-01,2.002888207867549841e+00,5.110890828236913652e-01,-2.834091644250211761e+00,-3.805764474656827545e-01,-1.209053572072063654e+00,-2.126568221248863466e+00,3.713142775472006996e-01,-2.751339838676631899e+00,6.843546451820124998e-01,-2.847334519899041849e-02,-1.168748734212533336e+00,-5.064133521257413451e-01,-1.271352544104442872e+00,8.582853445745274312e-01,-9.323841217999531139e-01,1.077518805255038625e+00,6.722305698551805930e-01,-2.034984887079833715e+00,3.213433490103003720e+00,3.123408095628582015e-01,8.806441351974809706e-01,-2.585977734296462494e+00,-9.452016350042974357e-02,2.730039711755491982e+00,6.738059543366770043e-01,8.870137670301034838e-01,2.126557591708408523e+00,9.734138031004415659e-01,1.706999070150656550e+00,-4.581871033138555926e-01,-1.116302736774971827e+00,2.787098060438092384e-01,2.988276255488277577e+00,4.029538882559853818e-01,2.160653305958673442e+00,4.848299052015825339e-01,5.388224550251652367e-01,5.609184475740159881e-01,3.021456484881603455e+00,1.608862946027240226e-01,4.262512168698660009e-01,6.147718524304582877e-01,4.596358483962981190e-01,4.873611102500548520e-01,-1.079423352548569470e+00,-2.957757144629252988e+00,-4.129201474522645188e-01,-6.982281752135860442e-01,8.593671973572376555e-01,-1.133977593959962560e+00,6.036684793950083394e-01,6.313466708738246780e-01,-2.497453514907147731e+00,5.336698691639353065e+00,2.245804637446815022e+00,7.010348160032414171e+02
7.047813057668733672e-02,7.644340085186450695e-01,5.314754924596171159e-01,-2.962518465532562484e+00,7.869683878203895810e-01,-2.876168513426770046e-01,-1.457676497936998494e+00,1.173248891154616835e+00,1.980452845650241711e+00,-1.917755691703299403e+00,-2.358998652360657644e-01,1.387799414909768547e+00,2.560463848244861840e+00,-5.310072749287370053e-01,5.595387116936914040e-01,-4.568843476097643186e-01,8.667232665028566929e-01,1.382398520380403006e+00,-2.084956882970952385e+00,-2.110614188738443531e+00,2.736790241605636886e+00,1.813794575031482115e+00,1.450806274786268002e+00,-2.416925328621658320e+00,7.654150235313790240e-01,9.594595906538766483e-01,3.083496533886643576e+00,-1.718846313949655702e-01,1.301031522569936927e+00,-2.098559756093227424e+00,-2.733527868505449376e+00,-4.664271861958974030e-01,-1.103412555999309319e+00,3.898256144477013074e-01,3.899273421304052523e-01,9.103181657393080162e-01,1.286052168395353523e-01,-8.976964021590231324e-01,-9.279755153396165301e-01,1.432742882834325826e+00,-1.354662140832698869e+00,1.080751410991472650e+00,1.466303635179409426e+00,-1.986194003648647621e+00,1.202545155399995291e+00,5.075767711616891553e+00,1.019016827342749953e-01,8.814615602620169410e-01,-1.316904386672715477e+00,-2.378387258282418593e+00,-2.835744699313041961e-01,1.826610727051436678e+00,-2.144974048701518421e-01,-3.640142165863224477e+00,-2.690072111923038189e+00,4.416405387000059690e+00,7.416866385812986850e-01,-1.725682214983565999e+00,-6.560624559426284641e-01,1.977183189426322762e+00,-1.483615758629777570e+00,-9.424308675164373428e-01,3.389908553710886396e-01,-1.733985421313832820e-01,1.908622221399584706e+00,4.064862884129691323e-02,3.143822800006040863e-02,2.468166347548290673e+00,-1.025143690173720312e+00,1.474415323216803575e+00,-1.487657629567554901e-02,7.477147491227043030e-01,-1.731298192342899611e+00,8.439774994283938403e-01,1.712275891015112350e+00,4.603113233123509174e-01,-3.299302076602597111e-01,-1.726302126247533097e+00,2.421833830864728587e-01,-9.295696318848915007e-01,3.478455048602691613e-01,-8.056913429327039466e-01,3.360049018405410148e+00,2.437792715548779299e+00,2.440199145789885726e+00,-1.761213264294981817e+00,-2.656065934191209177e+00,-9.709920016638901030e-01,1.220571985833548867e+00,6.080321504944430355e-01,5.822331166213052800e-01,1.483320606821284304e+00,7.399423031204027668e-01,-2.052070325235451520e+00,1.080141289920602210e+00,-4.251838805268938870e+00,-1.562015552891737435e+00,-6.794040838536694604e-01,-1.349506560492020335e-01,-2.471259952089247758e+00,1.176827068976199042e+00,1.890089190988660350e+00,2.185794810505724550e-01,2.972389579698299755e+00,-1.520459940481497796e+00,-2.632021395081570070e+00,-2.262283020817795059e-02,2.047401928508146174e+00,-9.758961968029041811e-01,3.840710958015285392e-01,1.496039355407122740e+00,2.217715069879614198e+00,-1.125773159670264700e+00,-1.460516616854411032e+00,1.895215544199184254e+00,2.791469349113173681e-01,1.188318713474806998e+00,8.191875616804008553e-01,2.188430420304057655e+00,-4.914051286146767228e-01,2.379688483589252002e+00,-6.246074998419727242e-01,4.152681758755854879e+00,7.756990191137768109e-01,-3.071271555115854035e+00,-1.880379104032124049e+00,1.576105783973760222e+00,4.977308387786328475e-02,-4.163203495088915851e+00,-2.407285522309096371e-01,6.436509506773052669e-01,5.711319428466989923e-01,2.034578806892171521e+00,-3.847150291729884986e-01,1.059888712722525828e+00,-1.883023986051578946e+00,1.177635202268191295e+00,1.999213943894802281e-03,6.792213213876696631e-01,-1.431751793779258708e-01,-1.085475537752710329e+00,2.612650935700786547e+00,1.726816765134119303e-01,-4.973964329930775086e-01,-3.158237273795127531e-01,8.194893520431409950e-01,-1.424609152692353886e+00,-3.438470642374611419e-01,-4.909546247331650348e-01,1.010555437464659256e+00,-2.609536470980388101e-01,-1.488090029097858258e+00,-5.692250551205058073e-02,-1.333452167304815861e+00,3.710989404806690484e+00,-1.162984911646584907e+00,5.208413885344239658e-01,1.748806546789288374e+00,-1.592324692920158880e+00,3.014465305819245877e+00,4.010129396002843905e-01,1.709590710356137633e+00,-2.101757004502876391e+00,-1.813142141676531982e-01,2.398850262654875554e+00,-5.500989135580784950e-01,5.318879308064545786e-01,2.087817496788277438e+00,-2.457341899634919447e-01,1.593603578362737139e+00,1.094554149844602087e+00,-3.644038863459411193e-01,1.077561328392024342e-01,3.510969336650288319e+00,-3.158271404405464389e-01,2.097208116893032770e+00,5.441183248270302641e-01,2.882451321802993460e-01,4.838746916339113913e-01,2.662147087410676960e+00,1.259344941038648358e+00,-8.996398163968194472e-01,5.837893926736366090e-01,6.881272891298084726e-01,2.862582263343737554e-01,-6.632600317570515047e-01,-3.326168366030755941e+00,7.841724148857160959e-01,-1.555820192021105886e+00,9.493711426032480638e-01,-1.256301178522734263e+00,2.156616303793427725e-01,1.540007863346307126e-02,-2.396941108833681611e+00,5.459861139580734601e+00,2.487317614711914260e+00,8.002927258683240552e+02
-4.374706804910425961e-01,2.445051307029338927e-01,-4.015513976364300242e-03,-2.501567433166194121e+00,1.124518229442549089e+00,-7.448806184044791667e-01,-1.834791092638127008e+00,-2.003650503790269377e-01,2.060388061978354113e+00,-2.154350896702059259e+00,3.513908866189963121e-03,1.698584172420920080e+00,2.702075630794615435e+00,-2.760920101061511422e-01,-2.920868401553305960e-02,-6.446429705629864726e-01,2.736271022950577669e-01,1.296061648908505948e+00,-1.181525280271524814e+00,-1.966119758225785219e+00,2.164614503922506650e+00,4.956126955745151497e-01,1.020325485719613345e+00,-1.408118079137317569e+00,-1.617421370326702856e+00,1.223691157346608271e+00,2.889475394922070617e+00,2.663899752227563145e-01,1.643292631950578953e+00,-1.641947288910494906e+00,-2.138220502614434970e+00,2.075087188468049959e-01,-1.612711338625871793e+00,-1.437011307866788504e-02,1.455705012838824031e+00,2.266352724916369521e+00,-9.502056268341056711e-02,-1.257886061211332063e+00,-1.700656208451395424e-01,9.876951122838637520e-01,-1.764258528448980456e+00,1.403675023883423689e+00,-1.349452696558601783e-01,-1.836436861019596245e+00,1.762111114623547081e+00,4.661412858695886285e+00,1.203921133339418414e+00,9.772454922502861185e-01,-1.224882640562190872e+00,-1.630063354643742413e+00,1.395844467083095175e+00,1.876695395049377879e+00,-2.273876663000910181e+00,-2.834458812065922650e+00,-2.937266488318018176e+00,4.040687169627373621e+00,9.188851334562804229e-01,-5.651686124141703793e-01,-2.295620896319830351e+00,2.487352216045677356e+00,-2.773524481204598935e-01,-5.058277120587216791e-01,1.001987703781103356e+00,-1.527382569849270455e+00,1.391573400249346282e+00,2.099873785496833456e+00,2.619556329284716822e-01,2.352918819677665141e+00,1.069688564620472571e+00,1.643619115309004286e+00,1.097246337043618736e+00,1.316005374208773837e+00,-6.843190036866867443e-01,-4.304195218494706598e-02,4.332577509893421608e-01,2.294340886683978731e-01,6.623097963834203572e-01,4.608981802178284126e-01,-2.074293698351903081e-01,-9.716544910925214440e-01,9.417926632210468774e-02,-1.285337130102601311e+00,3.932215988310406640e+00,2.084379039225367158e+00,2.619247281882914002e+00,1.171269889704060319e+00,-1.488167502116117813e+00,-9.553590817692221293e-01,1.620561914694543582e+00,-1.486773434064318167e+00,8.032905745687894949e-01,1.858505805470452188e+00,1.172396988083135305e-01,-2.395105134620932663e+00,1.142708448573390045e+00,-1.669954624389955011e+00,3.139065848132520653e-01,-1.659011744713804637e+00,1.390506318426910637e+00,-1.779140559421187984e+00,2.745471792289975177e-01,2.140234264937873387e+00,6.789545401911251110e-02,2.537402218922075292e+00,-1.393222492248910704e+00,-2.647135380471344224e+00,-3.974069533430775181e-01,-4.386803260560303008e-01,-3.231890324252804092e+00,-8.527631389533772976e-01,1.609885157571397052e+00,3.025671186068254137e+00,-1.011229096958640161e+00,1.482413696175268525e+00,6.198744363073588337e-01,8.296597087476323962e-01,9.982742997259329565e-01,7.333483114949934656e-01,2.105211272779681231e+00,-4.857675683553577262e-01,2.058532960821486402e+00,-4.952561692924550840e-01,1.025224819216383310e+00,9.737084650336009783e-01,-3.223340629554543035e+00,-2.284993404267315897e-02,7.147630236864415121e-01,-2.350477340410393468e-01,-3.333138881066057380e+00,-1.609480155459747097e-01,4.561392273152312105e-01,2.481772359734208511e+00,1.905550452554220175e+00,4.675729723452602959e-01,8.795808296719936914e-01,-7.424884945091875244e-01,1.262944174782188123e+00,-6.365428243598024727e-01,1.028067563830356912e+00,1.135404151552465435e-01,3.309551699769905375e-01,2.636906423044805159e+00,-3.757333888733054295e-01,-2.958255357035786570e+00,9.407009004683569708e-01,9.798534089022995497e-01,-1.825845369000911989e+00,5.205120269265676169e-01,-7.808341900249058387e-01,8.110836378377722644e-01,-6.464708915060700667e-01,-2.157050256769520669e+00,-3.966255613701747396e-01,-2.597600427078400998e+00,1.664806343232905439e+00,-4.361346215003847337e-01,7.762528397044015094e-01,1.073550906413506700e+00,-2.092065861225370860e+00,3.568809823716518004e+00,-6.904409469929877474e-01,1.980322372568351197e+00,-2.227797432577414138e+00,2.437655658014166449e-02,2.118371443040992119e+00,1.455038033809674392e-01,6.470534930083428060e-01,2.147993980978174289e+00,5.876842919856681835e-01,1.650366353376210515e+00,-8.549644233532088800e-01,-7.956709183373018579e-01,-6.363290901069276195e-01,3.264225217106292654e+00,2.835216298364273690e-01,2.141368569144630918e+00,5.340841835306908703e-01,8.233857780228038825e-01,8.967259570433731009e-01,2.585804988062328502e-01,1.351020804901077899e+00,-5.152696232659376152e-01,1.737305411926224896e-01,9.323599870064640527e-01,-1.135574089514540530e-02,-7.286062251555736058e-01,-2.757374666115359751e+00,-8.021863059128594986e-02,-1.748442596424884199e+00,1.830871150975010186e+00,-7.564794235000044109e-01,5.615148987945717263e-01,1.288415818976202720e+00,-1.291454433740683694e+00,5.360742910578337295e+00,2.065076890886410332e+00,8.007059000442017123e+02
-1.326603476232049092e-02,9.392582049969258051e-01,4.340517976356665364e-01,-2.348128404630300814e+00,1.456845437513670349e+00,-7.864819915959121444e-01,-1.747428354238441228e+00,6.306400075739566624e-01,1.931132912113665778e+00,-1.778580586705087896e+00,-2.539339418531896819e-01,1.484217165881714706e+00,2.088092502706243359e+00,-9.111852130167311103e-02,-5.321419147762594948e-01,6.099547713085418099e-02,1.027816548440106503e+00,1.082798658592409868e+00,1.527041311864725248e-01,-2.218565375116440030e+00,1.525290582219290814e+00,1.939630284487306455e-01,1.579748778227136219e+00,-1.846119057644663330e+00,7.806191200958008114e-01,1.144918976990464188e+00,2.666093956464597792e+00,-1.603887662436044859e-01,2.804913243748251794e+00,-1.574843720899367749e+00,-1.041249613222960502e+00,-9.164684831846305890e-01,-1.209989386979323456e+00,1.182947535533469541e+00,4.374670258315985216e-01,1.429100317450689106e+00,1.178992053440658383e-01,-1.272818775553355763e+00,-4.248862549170557279e-01,2.649701279090092676e+00,-1.639023189415164339e+00,1.983490805410986768e+00,1.228934729536852899e+00,-1.856776449646063254e+00,1.211563716590628115e+00,3.488503660473050605e+00,1.088689178879201025e+00,-5.103140960804447568e-01,-6.459197204125030067e-01,-2.346026961259062293e+00,1.727857778296347124e+00,1.908489938585491652e+00,-2.176713465726361818e+00,-3.239265297474706262e+00,-2.802831112434842176e+00,4.713163594950160018e+00,-4.344929600476218901e-02,-7.844676259838638810e-01,-7.011286704733177277e-01,-5.129029167372628484e-01,-1.633311942186786325e+00,-7.785243276005090474e-01,4.775862575264419596e-02,2.004925538223551740e-01,1.919917246450270287e+00,1.488827803338676148e+00,-7.240547562128616388e-01,1.987472070739284113e+00,9.559002015579954881e-01,9.751292096083967742e-01,-2.391467558272621918e+00,2.180199344336875455e+00,-1.604536586179806879e+00,1.813564458195534579e-01,6.369018824709473670e-01,1.371471160116063681e-01,-3.610615357294216232e-01,9.403852513437622740e-01,4.282533541718482328e-01,-6.555751541841596808e-01,1.197920499109642156e+00,-1.034507643760209650e+00,4.090375958784512100e+00,1.929817556436226766e+00,2.608419923907704163e+00,-1.775593828229649507e+00,-2.042775795303163999e+00,-8.182774447975920129e-01,1.418711434530328663e+00,8.216394533407175294e-01,1.139286815283294008e+00,1.782562741279407614e+00,3.561430461153732852e-01,-2.522355811362027467e+00,-1.977304753288603667e+00,-1.543732225091999810e+00,-1.319230963982205740e+00,-5.433067999622319677e-01,-3.572739201525866881e-01,-3.200987205280275916e+00,2.890841674601497768e+00,2.044344936272469049e+00,1.310574217828693211e+00,2.793062511943951609e+00,-8.057936502499061238e-01,-2.640968973732536806e+00,1.838488617043415818e+00,7.804747544506909773e-02,-1.698864396993798209e+00,-5.289377144259529429e-01,2.056127123146233249e+00,2.381038736910645603e+00,-1.420743247869170833e+00,-1.439327235711059139e+00,4.641190243154031392e-01,8.019739976353974509e-01,5.884830022539075944e-01,-2.577497323917691485e+00,2.385115733620022382e+00,-7.265572403590008221e-01,5.365722824268569224e-02,-7.285172217568124386e-01,1.228652405224773814e+00,1.957140554040313951e+00,-3.578679573375484146e+00,-1.933225346855395488e+00,1.865401637637330579e+00,8.654162885759184576e-01,-2.573181646340400697e+00,4.763919724868070915e-02,1.300433300784246127e-01,7.172987000714243777e-01,3.273910833009836985e+00,-1.271352342736230323e+00,6.743491602129055851e-01,-1.532910001320773929e+00,1.792769797595321180e+00,-6.156396714673526005e-02,3.079949109850437794e-01,-2.622405776218511564e-01,-5.291290585943810854e-01,2.563161205814075583e+00,2.260047637303587154e-01,-1.621085859279297825e+00,-3.795760728003827467e-02,-1.343134576066067787e+00,-1.819687362256222629e+00,-3.249697234482372687e-01,-7.596741071686605729e-01,7.835917112104839877e-01,-1.733077629037242384e-01,-1.314427742684293854e+00,-9.764783102299204320e-02,-9.866986630249279244e-01,1.147183913058868576e+00,-1.073045798819014962e+00,1.592843021470628395e+00,1.174422629764029447e+00,-2.170258571624115618e+00,3.764438955462230396e+00,-2.884532264439196858e-01,4.358552531987776035e-01,-2.117253609455870489e+00,1.937699654396761173e-01,2.092734690947509968e+00,6.674087891196129885e-01,5.918870793695538701e-01,1.757829393746338509e+00,-2.809319902611687181e-02,1.487224840375481083e+00,1.170033254357530028e+00,-8.185745858581654488e-01,-8.341367868648945638e-01,3.524596386715467489e+00,6.149301586723392443e-01,2.287605132830239807e+00,5.969608311637195630e-01,4.950931354941806584e-01,2.306066266829175648e-01,3.111462740059500298e+00,1.591918325307447368e+00,-6.329513170360561158e-01,4.199300907866201915e-01,6.154377397595930388e-01,-1.148992786832770951e+00,-9.622904899835282855e-01,-2.970914732717780726e+00,2.793976684786875220e-01,-1.690357206602464357e+00,1.151875255674038367e+00,-9.325952712345398909e-01,1.309162147400974696e+00,8.876759026645094641e-01,-1.240745215292220038e+00,5.472713737766441433e+00,3.976895746636452067e+00,8.998295138825844788e+02
3.082284501014365685e-01,7.454059823364584947e-01,2.199256072381008120e-01,-2.230604758719499703e+00,9.797866085809339154e-01,-7.727174431756003159e-01,-2.178327774446073395e+00,4.222175984282103278e-02,5.958489013708745397e-01,-1.196676535158966326e+00,1.911613699235830410e-01,1.338365851579996546e+00,2.273252401068326822e+00,-1.335940123107511868e-01,1.770519813223991656e+00,-9.520194556337482350e-01,9.154641338543305640e-01,1.537330231704512773e+00,-1.673566527219088718e+00,-1.531865594767472416e+00,2.905306413935445420e+00,5.040909711673828841e-01,2.144359376076420548e-02,-1.899282335446725201e+00,-1.801048871815155161e+00,8.463375895605544930e-01,3.046181427450894152e-01,5.284842340180392894e-02,1.741055765824557344e+00,-1.118489996432415978e+00,-1.193104621521243525e+00,5.281568614028326891e-01,-1.317789298427239464e+00,2.191508648135909176e-01,3.206032937904806368e-01,1.063747732391672418e+00,3.015676813632346409e-01,-9.250790179932901758e-01,-3.466749642716765445e-01,1.026295833948976277e+00,-2.096509850547648490e+00,1.737938367035088527e+00,1.211440915949820951e+00,-2.081491231336937808e+00,9.187918071478201609e-01,4.742067206864558848e+00,8.797901414365338901e-01,-3.680608020963037630e-01,-1.554485749101234271e+00,-1.962862707426843212e+00,1.251690800342163623e+00,1.707280283699343038e+00,-9.665310774959884332e-01,-3.040562079290376030e+00,-3.019824158881489584e+00,4.349649267584900336e+00,8.146007283218191786e-01,4.013405575729881436e-01,-5.055861712890775683e-01,1.744970040811034240e+00,-5.932071828935793212e-01,-6.565915493753049503e-01,-2.633796169172475388e-01,3.652330586885724761e-01,1.735455953222958314e+00,7.548826590410649962e-01,1.762115285466890058e-01,2.660191265587451781e+00,1.259306824896042620e+00,1.040830238441509792e+00,3.219473390734885476e-01,7.240644999747464228e-01,-7.318006920558483008e-01,5.678224810336046646e-01,5.943661383828470202e-01,7.112178462984041216e-01,3.896834746818159667e-01,-1.775279693155769722e+00,8.129030292093402110e-01,-1.241433792081896303e+00,-3.194397741652565403e-01,-7.347240351956598747e-01,4.331070900172354854e+00,2.853250809030035029e+00,3.301440289850608778e+00,8.459846774630490618e-01,-3.024722578486041424e+00,-7.648756311378370754e-01,1.268908232245291590e+00,4.750288291054672873e-01,2.534939384661238471e+00,1.854070874934540702e+00,8.525160165934252410e-01,-2.698772349489565681e+00,-1.867691697011812035e+00,-1.894138101010551356e+00,2.850136710245358973e-01,-9.590700093144705063e-01,-4.982308373694089854e-01,-2.289073189662502283e+00,1.411253480182815601e+00,2.240032938462538592e+00,-7.073556953886538101e-02,2.530528332376680289e+00,-1.432503548980414321e+00,-3.204449488984758343e+00,1.815674480239312771e+00,1.529111578229978563e-01,-2.076435651232250379e+00,-5.540023610095740070e-01,2.561144438390612343e+00,2.545787386344776415e+00,-1.770824847707217931e+00,-2.308515453726967537e-01,6.311226210964846484e-01,8.764162782286430767e-03,1.694016016761493271e+00,1.011737828839123665e+00,1.805513568970600335e+00,-1.188027242371098857e-01,-5.504696668493427869e-02,-8.262083614284047028e-01,3.998976256699185772e+00,1.430928781993907828e+00,-2.026674726742341281e+00,-3.412192242783115143e-02,9.475485344847410785e-01,-2.377863675449501113e-01,-3.382737625878128540e+00,-6.775440018262299247e-02,-5.880353585533020233e-01,1.514173306737095714e+00,1.457331518027491724e+00,-4.431112940045833226e-01,5.210058452852647237e-01,-1.586580123068791703e+00,6.792942061228657291e-01,-6.299141210207281905e-01,1.015575429784262740e+00,2.985195285030065593e-01,-1.666289701251942312e-01,2.966377253452624707e+00,-1.693783856777100749e-01,-2.111844058619506193e+00,-4.503127933058531651e-01,-1.406175816691358493e+00,-1.008964919140332483e+00,-1.601120611963162965e-01,-7.629628718425639500e-01,6.218962289776280850e-01,-5.410448879401026645e-02,-2.615180984013021348e+00,-3.992053327512615213e-01,-1.164864660445350086e+00,1.310945265919498004e+00,-1.652654475624036334e-01,1.545127965409857751e+00,1.639208132519956784e+00,-2.845506029125511205e+00,3.771236515130981903e+00,-9.308698817582199414e-01,1.751846208704832542e+00,-2.041629115329208322e+00,-2.552856668319168354e-01,2.434851874820185280e+00,-7.228238219397177255e-01,9.210175775127488196e-01,1.985457011623429802e+00,4.619224572845898047e-01,1.910227598662411208e-01,-9.641818813193888671e-01,-7.317899288429458027e-01,-7.273312739067209209e-01,3.353443201126198758e+00,-3.063503038440478221e-01,2.119557755415779177e+00,5.943410852073314210e-01,5.696810818808345500e-01,2.584123149940846520e-02,2.852380904148713814e+00,6.169475653819471717e-01,-8.123736145158374500e-01,2.124220038025258495e-01,3.983281707406799432e-01,2.881620791923489300e-01,-1.585231754612867805e+00,-3.064444795099367180e+00,-1.541321369077320202e+00,-1.846250202481622527e+00,-6.675340578365349664e-01,-1.261256648633148680e+00,6.883315190353247459e-01,4.310089059138402234e-01,-1.330276190391618041e+00,5.085762843699779268e+00,1.944703910667792801e+00,1.000027747457886903e+03
